#  fam    ele   dir  sequence    start     end
     1      1  1       gi|1    17585    17922 
     1    744  1     gi|227    14899    15668 
     1    358  1     gi|209    19134    20389 
     1    132 -1     gi|135    22615    23831 
     1    167 -1      gi|15    29923    30199 
     1      2  1       gi|1    18026    18311 
     1    157 -1     gi|147     1956     2320 
     2      3  1     gi|100    28270    28480 
     2    689 -1      gi|73    38072    38433 
     3      4  1     gi|100    31435    31488 
     3    276 -1     gi|189     9963    10830 
     3    106  1     gi|129    11959    12204 
     3    155  1     gi|145    34117    34280 
     3    105  1     gi|129    11576    11695 
     3    553 -1     gi|280    39760    39995 
     3    746 -1     gi|280    39167    39278 
     3    228  1     gi|171    12060    12123 
     4      5  1     gi|101    23113    23639 
     4    726  1      gi|89    15422    15948 
     5      6  1     gi|101    25318    25536 
     5    727  1      gi|89    17595    18034 
     5      7  1     gi|101    31274    31713 
     6      8  1     gi|102    26023    27217 
     6    593 -1      gi|36    34301    34518 
     6    717  1      gi|85     3935     5134 
     6    415  1     gi|230    37510    38045 
     6     43  1     gi|111    12942    13409 
     6    608 -1      gi|40    15732    15868 
     7      9  1     gi|102    31297    31507 
     7    373  1     gi|214    19054    19240 
     7    374  1     gi|214    19631    19814 
     7     10 -1     gi|102    32249    32444 
     8     11  1     gi|102    35024    35268 
     8    137  1     gi|139    14226    14452 
     9     13  1     gi|103        1       51 
     9    379  1     gi|217     9875     9925 
    10     14  1     gi|103     2761     2816 
    10    465  1     gi|247        1       56 
    11     15  1     gi|104        1       59 
    11     96  1     gi|125    20004    20062 
    12     16  1     gi|104     5606     5698 
    12    231 -1     gi|171    38801    38898 
    13     17  1     gi|105    20491    21336 
    13    267  1     gi|186    32888    33722 
    14     18  1     gi|105    40623    40889 
    14    565  1     gi|287       12      165 
    14    566  1     gi|287      217      384 
    14    568  1     gi|287      523      792 
    14    569  1     gi|287      700      897 
    14    753  1     gi|287      543      615 
    14    752  1     gi|287      422      539 
    15     19  1     gi|106      313      776 
    15    532  1     gi|271     2414     2889 
    16     20  1     gi|106    39180    39439 
    16     78 -1     gi|121    19021    19312 
    17     21  1     gi|107    10540    10684 
    17    116 -1     gi|130    37787    37943 
    17    486  1     gi|254    29141    29227 
    18     22  1     gi|107    13736    13919 
    18    436 -1     gi|239    21754    21989 
    18    258 -1     gi|182    11740    11963 
    18    711 -1      gi|80    26043    26252 
    19     23  1     gi|107    19840    20044 
    19    750  1     gi|114     3614     3962 
    19     28  1     gi|107    38017    38341 
    19    751  1     gi|102    39093    39415 
    19    748  1     gi|107    31273    31478 
    20     24  1     gi|107    21921    22019 
    20    732  1      gi|91    15615    15708 
    21     25  1     gi|107    22519    22753 
    21    738  1      gi|95     1330     1560 
    22     26  1     gi|107    25235    25286 
    22    620  1      gi|46     3496     3547 
    23     29  1     gi|108     8478     8564 
    23    370  1     gi|212     2528     2626 
    24     30  1     gi|108     9678    11342 
    24    400  1     gi|222    13713    13861 
    24    733  1      gi|92    18110    19765 
    24    552  1     gi|280    39606    39868 
    25     31  1     gi|108    19065    19836 
    25    193  1     gi|160    38948    39707 
    26     32  1     gi|108    20306    20916 
    26     66  1      gi|12      294      868 
    27     33  1     gi|108    21284    21615 
    27     67  1      gi|12     1365     1693 
    28     34  1     gi|109        1       60 
    28    725 -1      gi|89        1       60 
    29     35  1     gi|109     2796     2850 
    29    610  1      gi|41        1       55 
    30     36  1      gi|11        1      638 
    30    127  1     gi|134        1      928 
    30    661  1      gi|57     1335     1521 
    30    664 -1      gi|59       51      958 
    30     85 -1     gi|124     2902     3509 
    30    385 -1     gi|218    37996    38322 
    31     37  1      gi|11      630      793 
    31    332 -1     gi|200     1013     1176 
    31    333  1     gi|200     4012     4052 
    32     38  1     gi|110     7137     7245 
    32    406 -1     gi|226    20491    20593 
    33     39  1     gi|110     9808    10147 
    33    677 -1      gi|65     9813    10137 
    34     40  1     gi|110    15970    16794 
    34     70 -1      gi|12    27828    28656 
    34    256  1     gi|182      580      695 
    34    734 -1      gi|93    24474    24585 
    35     41  1     gi|110    30093    30164 
    35    586  1      gi|35       93      163 
    36     42  1     gi|111     2048     2194 
    36    200 -1     gi|162    26103    26254 
    37     44  1     gi|111    20738    20792 
    37    527  1      gi|27      916     1853 
    37    633 -1      gi|48    47260    48011 
    37    108 -1      gi|13    19182    19282 
    37    364 -1      gi|21    19276    19526 
    38     46  1     gi|111    39767    39998 
    38    361  1      gi|21     7690     7939 
    39     47  1     gi|113    15704    16113 
    39    269 -1     gi|187    23166    23575 
    40     48  1     gi|113    21791    21855 
    40    583 -1      gi|33    13335    13600 
    40    148  1     gi|141    29861    30117 
    41     49  1     gi|113    28526    29028 
    41    218  1     gi|166    32677    32773 
    41    391 -1      gi|22    10976    11576 
    41    219  1     gi|166    33066    33398 
    42     50  1     gi|113    28888    29200 
    43     51  1     gi|113    29906    30270 
    43    221  1     gi|166    34996    35323 
    43    389 -1      gi|22     9892    10256 
    44     52  1     gi|113    30893    31048 
    44    222  1     gi|166    35869    36025 
    44    388 -1      gi|22     8151     8335 
    45     53  1     gi|114        1      284 
    45    539  1     gi|273    17735    18018 
    46     55  1     gi|114     6771     7649 
    46    453  1     gi|243    37330    38208 
    47     56  1     gi|115     1573     2414 
    47    412 -1     gi|229    22645    23511 
    48     57  1     gi|115     3042     3570 
    48    411 -1     gi|229    21562    22071 
    49     58  1     gi|115     4067     4186 
    50     59  1     gi|115    35879    36070 
    50    414  1     gi|230    34715    34906 
    51     60  1     gi|115    39671    39857 
    51    698  1      gi|78     4424     4740 
    51    611  1      gi|41    22008    22242 
    52     61  1     gi|116        1       57 
    52    766  1     gi|198    39771    39850 
    52    769 -1     gi|212       41      128 
    53     62  1     gi|116     3888     3927 
    53    767 -1     gi|198    39855    39890 
    53    768  1     gi|212        1       40 
    54     63  1     gi|117    22588    22686 
    54    284 -1     gi|191    11231    11323 
    55     64  1     gi|118    29233    29322 
    55    638  1      gi|50     9784     9858 
    55    639 -1      gi|50    10611    10701 
    56     65  1     gi|119     5569     5664 
    56    160  1     gi|147    31581    31674 
    57     68  1      gi|12    20608    20820 
    57    376  1     gi|215    23953    24039 
    57    382  1     gi|218    21903    22093 
    57    242 -1     gi|176    24592    24669 
    57    498 -1     gi|259    12936    13106 
    57    692  1      gi|74    29773    29845 
    58     69  1      gi|12    26324    26450 
    58    501  1      gi|26    32193    32887 
    59     71  1      gi|12    28611    28817 
    59    270 -1     gi|187    27436    27644 
    60     75  1     gi|120    21315    21402 
    60    279  1      gi|19    15115    15206 
    61     76  1     gi|121     2936     3190 
    61    770  1      gi|12    30118    30352 
    61    773  1      gi|74    20436    20672 
    61    778  1     gi|181     3563     3802 
    61    779 -1     gi|215    21472    21707 
    61    776 -1     gi|171    30822    31061 
    62     79  1     gi|121    28884    29129 
    62    787 -1     gi|132     9843    10108 
    62    788  1      gi|65     1478     1698 
    62    285  1     gi|191    27978    28183 
    62    378 -1     gi|216    37800    38003 
    62    401  1     gi|222    20816    20990 
    63     80  1     gi|121    32440    32694 
    63    709  1       gi|8    36970    37225 
    64     81  1     gi|121    32895    33229 
    64    654  1      gi|54    18333    18503 
    64    710  1       gi|8    37358    37667 
    65     82  1     gi|123    28775    29486 
    65    181 -1     gi|157     4026     4737 
    66     83  1     gi|124      434     1911 
    67     84  1     gi|124     2833     2878 
    67    714 -1      gi|81     2719     2764 
    68     86  1     gi|124     5728     6770 
    68    386  1     gi|218    40081    42731 
    68    129 -1     gi|134     1558     3519 
    68     91  1     gi|124    20476    21645 
    68     93  1     gi|124    26287    27209 
    68    331 -1     gi|200      338      448 
    69     87  1     gi|124     9417    10793 
    69    517 -1     gi|264    38432    40309 
    70     88  1     gi|124    14262    16639 
    71     89  1     gi|124    16777    16908 
    71    482 -1     gi|253        1      496 
    71    330 -1     gi|200        1      381 
    71    663  1      gi|59        1       62 
    72     90  1     gi|124    17161    18778 
    72    713  1      gi|81      306     1819 
    72     92  1     gi|124    23841    24540 
    73     94  1     gi|124    28222    28501 
    73    516 -1     gi|264    37652    37922 
    74     95  1     gi|124    36428    36832 
    74    455 -1     gi|244    27243    27630 
    75     97  1     gi|126     9385     9486 
    75    684  1      gi|70     7155     7255 
    76     98  1     gi|127     9840     9984 
    76    762 -1      gi|12    36708    36965 
    76    428  1     gi|235    31827    31960 
    76    468 -1     gi|247    24771    25027 
    76    763  1     gi|111    38994    39142 
    77     99  1     gi|127    10509    10987 
    77    429  1     gi|235    32479    32973 
    77    765 -1      gi|12    35930    36132 
    77    467 -1     gi|247    23737    23838 
    78    100  1     gi|128     4272     4576 
    78    209 -1     gi|164    34722    35037 
    78    445  1     gi|241      655      730 
    79    101  1     gi|128     5164     5460 
    79    446  1     gi|241     1404     1870 
    79    208 -1     gi|164    33823    34306 
    79    621  1      gi|46    10893    11188 
    79    703 -1      gi|78    30770    30989 
    79    102 -1     gi|128     6794     6948 
    80    103  1     gi|128    29656    29716 
    80    635  1       gi|5        1       61 
    81    104  1     gi|129    10672    11308 
    81    277 -1     gi|189    12112    12572 
    82    107  1      gi|13     8827     9566 
    82    145  1     gi|141    25348    26174 
    82    189  1     gi|160    12012    12537 
    82    719 -1      gi|86     8447     9151 
    82    143  1     gi|140    17025    17768 
    82    159  1     gi|147     8007     8792 
    82    594 -1      gi|36    38661    38860 
    82    673  1      gi|63     4330     5137 
    82    190  1     gi|160    12602    12846 
    83    109  1      gi|13    28279    28705 
    83    142 -1      gi|14    41499    41927 
    84    110  1     gi|130        2      560 
    84    201  1     gi|162    30459    30758 
    84    202  1     gi|162    31914    32336 
    85    111  1     gi|130    16402    16459 
    85    640 -1      gi|50    16369    16426 
    86    112  1     gi|130    29852    29933 
    87    113  1     gi|130    30018    30111 
    87    384 -1     gi|218    28347    28449 
    88    114  1     gi|130    30636    31068 
    88    459  1     gi|246    17010    17450 
    89    115  1     gi|130    31249    31869 
    89    460  1     gi|246    17518    18140 
    89    561 -1     gi|285    27300    27425 
    90    117  1     gi|131      559     1624 
    90    413  1     gi|230    17234    18292 
    90    463  1     gi|246    25385    25694 
    90    462  1     gi|246    24763    25496 
    91    118  1     gi|131    25202    25536 
    91    560  1     gi|285    22875    23226 
    92    120  1     gi|132    19763    20170 
    92    700  1      gi|78    25460    25862 
    93    121  1     gi|132    20434    20539 
    93    701  1      gi|78    26252    26357 
    94    122  1     gi|132    21869    22154 
    94    702  1      gi|78    27165    27438 
    95    123  1     gi|132    22379    22499 
    95    559  1     gi|285     8582     8714 
    95    535 -1     gi|272     5737     5867 
    96    124  1     gi|133    32797    32850 
    96    604  1       gi|4    17012    17060 
    97    125  1     gi|133    32859    32925 
    97    683  1      gi|70     3957     4017 
    98    126  1     gi|133    34310    34400 
    98    587 -1      gi|35     1247     1338 
    99    128  1     gi|134     1211     1320 
   100    130  1     gi|134     5892     6043 
   100    484  1     gi|253     4853     5004 
   101    131  1     gi|135    13351    13467 
   101    473  1     gi|249    15265    15381 
   102    134  1     gi|136    18177    18563 
   102    694  1      gi|75    35637    36014 
   103    135  1     gi|136    38494    40273 
   103    152 -1     gi|144    35703    37287 
   103    740 -1      gi|95     9799    11617 
   104    136  1     gi|137    35683    35765 
   104    458 -1     gi|246    16005    16091 
   104    576 -1      gi|29    32089    32167 
   105    138  1     gi|139    28792    29407 
   105    357 -1     gi|209     7389     8022 
   105    409 -1     gi|227    21754    22251 
   105    592 -1      gi|36    31689    32264 
   105    183 -1     gi|157    36740    37294 
   106    139  1      gi|14     5221     5295 
   106    642  1      gi|50    20586    20689 
   106    372  1     gi|214    15488    15594 
   106    558 -1     gi|284     6640     6703 
   107    140  1      gi|14     9081     9984 
   108    141  1      gi|14    15356    15430 
   108    623  1      gi|47    11033    11117 
   109    144  1     gi|141    21407    21697 
   109    722  1      gi|88    11251    11541 
   110    146  1     gi|141    29316    29477 
   110    655  1      gi|54    32313    32478 
   111    147  1     gi|141    29416    29638 
   111    715  1      gi|83    14379    14598 
   112    149  1     gi|141    31775    32141 
   112    650  1      gi|53     8218     8584 
   113    150  1     gi|142    42150    42297 
   113    669  1      gi|62    29218    29487 
   113    564 -1     gi|286    27498    27766 
   114    151  1     gi|144    15947    16013 
   114    173 -1     gi|151    19780    19994 
   114    397  1     gi|222     5502     5625 
   114    793  1     gi|218    16901    17795 
   114    471  1     gi|248    19220    19949 
   114    617  1      gi|44    20852    20891 
   114    790 -1     gi|239    22177    22664 
   115    153  1     gi|145    32200    32443 
   115    405 -1     gi|226      102      682 
   115    755 -1     gi|155      242     1665 
   115    154  1     gi|145    33746    33901 
   115    708  1       gi|8    30022    30074 
   116    156  1     gi|146    33856    34062 
   116    720  1      gi|86    13522    13792 
   116    549 -1     gi|279     4522     4734 
   117    158  1     gi|147     2746     3107 
   117    451 -1     gi|243    27926    28009 
   118    161  1     gi|148    12193    12318 
   118    541  1     gi|274    20106    20221 
   119    162  1     gi|148    20186    20835 
   120    163  1     gi|148    25404    25885 
   120    667 -1      gi|61      533      958 
   121    164  1     gi|149     2085     2757 
   122    165  1     gi|149     3126     3525 
   122    223 -1     gi|168     1868     2262 
   122    348  1     gi|202    37320    37699 
   123    166  1      gi|15     6481     6828 
   124    168  1      gi|15    30674    31031 
   124    416  1     gi|230    38207    38563 
   125    169  1     gi|151       16      355 
   125    362  1      gi|21     7887     8220 
   126    170  1     gi|151     7732     8037 
   126    319  1     gi|197     9243     9528 
   127    171  1     gi|151    15498    15947 
   127    260  1     gi|182    21250    21502 
   127    519  1     gi|265    31953    32412 
   128    172  1     gi|151    17327    18106 
   128    449  1     gi|242     7938     8732 
   129    174  1     gi|151    20800    20885 
   130    175  1     gi|152    12203    12656 
   130    283  1     gi|191     4981     5402 
   131    176  1     gi|152    12998    13197 
   131    259  1     gi|182    12580    12753 
   131    791  1     gi|239    22666    22778 
   132    177  1     gi|153        3      586 
   132    368  1     gi|211    33874    34850 
   132    435  1     gi|239        1      212 
   132    743 -1      gi|99     5971     6959 
   133    178  1     gi|155        1       56 
   133    264 -1     gi|186        1       56 
   134    180  1     gi|157     2336     3423 
   134    418 -1     gi|232    15145    16202 
   135    182  1     gi|157    10299    10602 
   135    480 -1     gi|252    16373    16687 
   136    184  1      gi|16     5890     6112 
   136    555  1     gi|282    27152    27370 
   137    185  1      gi|16    12100    12666 
   137    315  1     gi|195    34206    34791 
   137    387  1     gi|219    32628    32811 
   138    186  1     gi|160     6092     6467 
   138    321 -1     gi|198    26874    27298 
   138    530 -1      gi|27    18225    18303 
   139    187  1     gi|160     7062     7631 
   140    188  1     gi|160     9823    10221 
   140    213 -1     gi|166     7603     8034 
   141    191  1     gi|160    34045    34497 
   141    526 -1     gi|269    40914    41345 
   142    192  1     gi|160    34659    34942 
   142    525 -1     gi|269    40463    40746 
   143    194  1     gi|161     6636     7588 
   143    645 -1      gi|51        1     5274 
   143    441 -1      gi|24     1078     6365 
   143    196  1     gi|161     8938     9129 
   143    195  1     gi|161     7604     7704 
   143    724  1      gi|88    26080    26184 
   144    197  1     gi|161    14319    14899 
   144    497 -1     gi|259     2507     3117 
   144    648  1      gi|52     5311     5509 
   144    647  1      gi|52     5035     5199 
   145    199  1     gi|162      664      817 
   145    680  1      gi|68    22978    23222 
   145    433  1     gi|237    33660    33901 
   146    203  1     gi|163        1       62 
   146    737  1      gi|94    35150    35211 
   147    204  1     gi|163     6116     6176 
   147    690  1      gi|74        1       61 
   148    205  1     gi|164    11492    11643 
   148    327  1      gi|20    15450    15585 
   149    206  1     gi|164    11823    11912 
   149    328  1      gi|20    15819    15912 
   150    207  1     gi|164    17597    17662 
   150    757  1     gi|161    23616    24375 
   150    422 -1     gi|232    22515    22600 
   151    210  1     gi|164    38303    38484 
   151    442  1      gi|24    19334    19513 
   151    794  1     gi|204    36157    36314 
   151    338  1     gi|201     8752     8954 
   151    533 -1     gi|271    38478    38570 
   151    795 -1     gi|247    33813    34006 
   151    612 -1      gi|41    26628    26732 
   152    211  1     gi|165     4280     4369 
   152    355  1     gi|207    20061    20173 
   153    212  1     gi|165    15921    16790 
   154    214  1     gi|166    13358    13603 
   154    234 -1     gi|172    29270    29515 
   155    215  1     gi|166    14030    14395 
   155    233 -1     gi|172    28442    28810 
   156    216  1     gi|166    17691    18772 
   156    699  1      gi|78    20632    21737 
   157    217  1     gi|166    23323    23422 
   157    278 -1     gi|189    40453    40560 
   158    220  1     gi|166    33688    33738 
   158    390 -1      gi|22    10817    10867 
   159    224  1     gi|168     2725     3464 
   159    347 -1     gi|202    36230    36986 
   160    225  1     gi|168    26543    27116 
   160    247  1     gi|178     1905     2484 
   161    226  1     gi|169    15791    15941 
   161    494  1     gi|258        1     1417 
   161    662 -1      gi|58        1     1202 
   161    797  1       gi|4    12213    12398 
   161    796  1       gi|4    11008    12211 
   162    227  1     gi|170    30025    30093 
   162    410 -1     gi|229     2090     2161 
   163    229  1     gi|171    14149    14590 
   163    693 -1      gi|75    34990    35819 
   163    758  1     gi|277     9454     9803 
   163    759  1      gi|48    12346    12626 
   163    536  1     gi|272    26872    26981 
   164    232  1     gi|172    19614    19804 
   164    782  1     gi|175    19202    19310 
   164    781  1     gi|175    19135    19201 
   165    235  1     gi|173        1      831 
   165    606  1       gi|4    18579    19447 
   165    597 -1      gi|39        4      644 
   165    598 -1      gi|39      695      752 
   165    607  1       gi|4    19394    19604 
   165    605  1       gi|4    17752    18467 
   166    236  1     gi|174    14660    14719 
   166    457  1     gi|246        1       60 
   167    237  1     gi|175      987     1493 
   167    522 -1     gi|267    25410    25963 
   168    238  1     gi|175     2050     2327 
   168    521 -1     gi|267    24650    24900 
   169    240  1     gi|175    36793    36918 
   169    310 -1     gi|195     6014     6141 
   170    241  1     gi|176     1406     2192 
   170    475  1      gi|25      552     1332 
   171    243  1     gi|177        1       58 
   171    329  1      gi|20    32786    32843 
   172    244  1     gi|177    12528    12645 
   172    512 -1     gi|262    32023    32152 
   172    245  1     gi|177    12609    12738 
   172    246  1     gi|177    12702    12820 
   173    248  1     gi|178    20116    20381 
   173    582  1      gi|33     5932     6187 
   174    249  1     gi|179     1472     1558 
   174    735 -1      gi|94     4164     4251 
   175    250  1     gi|179     2281     2325 
   175    542  1     gi|275    33015    33059 
   176    251  1      gi|18        1     6563 
   176    509 -1     gi|262    11980    18604 
   177    252  1     gi|180    28244    28587 
   178    253  1     gi|180    28455    28744 
   178    266  1     gi|186     4748     5067 
   179    255  1     gi|182      160      286 
   180    257  1     gi|182     1088     1201 
   180    556 -1     gi|282    36994    37202 
   180    366 -1      gi|21    37043    37256 
   180    417  1     gi|231    11594    11689 
   181    261  1     gi|182    27524    27607 
   181    398 -1     gi|222     5999     6112 
   182    262  1     gi|183     3058     3181 
   182    404  1     gi|224    27980    28110 
   183    263  1     gi|183    38558    39093 
   183    575  1      gi|29    30875    31410 
   183    629  1      gi|48    27353    27707 
   184    265  1     gi|186     4509     4904 
   184    712  1      gi|80    29760    30235 
   184    280  1      gi|19    38044    38359 
   185    268  1     gi|187    17924    18073 
   185    678 -1      gi|65    29433    29579 
   186    271  1     gi|187    27734    27985 
   186    557 -1     gi|282    37474    37724 
   187    272  1     gi|187    28237    28404 
   187    630 -1      gi|48    33906    34246 
   187    618  1      gi|44    21235    21558 
   188    273  1     gi|188     7532     7687 
   188    687 -1      gi|72       14      169 
   189    274  1     gi|189        2      867 
   189    325  1       gi|2     6257     6286 
   189    340  1     gi|202        1      328 
   189    360 -1     gi|209    33426    34294 
   189    342  1     gi|202      453      720 
   189    626  1      gi|48      342      407 
   190    275  1     gi|189     7565     7752 
   190    313 -1     gi|195    16773    16972 
   191    281  1      gi|19    38408    38544 
   191    454 -1     gi|244     1252     1701 
   191    646  1      gi|52     2326     2764 
   192    282  1     gi|190      123      410 
   192    599  1      gi|39     2346     2636 
   193    286  1     gi|192    16204    16266 
   193    798  1      gi|29      212      316 
   193    305  1     gi|192    38414    38902 
   193    800  1      gi|29     1898     2507 
   193    289  1     gi|192    19626    19886 
   193    290  1     gi|192    20287    20376 
   193    291  1     gi|192    21791    22386 
   193    293  1     gi|192    23744    24166 
   193    294  1     gi|192    24270    24393 
   193    296  1     gi|192    26295    26410 
   193    297  1     gi|192    27865    28026 
   193    299  1     gi|192    29626    29901 
   193    300  1     gi|192    30168    30274 
   193    301  1     gi|192    32346    32694 
   193    304  1     gi|192    36348    36990 
   193    801  1     gi|192    25667    25944 
   194    287  1     gi|192    16398    16559 
   194    799  1      gi|29      319      673 
   194    292  1     gi|192    22330    22774 
   195    288  1     gi|192    18193    18298 
   196    298  1     gi|192    28829    28979 
   196    572  1      gi|29      865     1015 
   196    306  1     gi|192    39438    39533 
   197    302  1     gi|192    32871    32975 
   198    303  1     gi|192    34984    35258 
   198    574  1      gi|29     2451     2725 
   199    307  1     gi|194        1      135 
   199    716  1      gi|84     3945     4080 
   200    308  1     gi|194     5748     5859 
   200    518 -1     gi|265    20799    20926 
   201    309  1     gi|194     7218     7869 
   201    658  1      gi|55    13738    14389 
   202    311  1     gi|195    12609    12942 
   203    312  1     gi|195    16498    16582 
   203    756  1     gi|136    17460    18018 
   203    652  1      gi|54    16140    17098 
   203    760 -1      gi|48    12628    12993 
   203    537 -1     gi|272    27093    27231 
   203    314  1     gi|195    17034    17508 
   203    649  1      gi|52    20417    20503 
   204    316  1     gi|196    11714    12141 
   204    339  1     gi|201    30200    30633 
   205    317  1     gi|196    13682    13724 
   205    674 -1      gi|63    40230    40273 
   206    318  1     gi|196    18081    18207 
   206    503  1     gi|260    25869    25981 
   207    320  1     gi|198    26069    26617 
   208    323  1     gi|199     2717     2759 
   208    718  1      gi|86        1       43 
   209    326  1      gi|20     8171     8286 
   209    653  1      gi|54    18246    18364 
   210    334  1     gi|201       14      180 
   210    523  1     gi|267    30857    31163 
   210    335  1     gi|201      376      483 
   210    336  1     gi|201      831     1144 
   210    337  1     gi|201     1328     1460 
   210    524  1     gi|267    31433    31570 
   211    341  1     gi|202      229      539 
   211    625  1      gi|48        1      311 
   212    343  1     gi|202    25180    25319 
   212    546  1     gi|277    12539    12678 
   213    344  1     gi|202    26042    26570 
   213    438  1     gi|239    38364    38892 
   214    345  1     gi|202    26727    27124 
   214    439  1     gi|239    39127    39527 
   215    346  1     gi|202    27214    27374 
   215    440  1     gi|239    39555    39715 
   216    349  1     gi|204    25114    25301 
   216    399  1     gi|222    12123    12281 
   216    688  1      gi|73    36668    36793 
   217    350  1     gi|204    26591    27013 
   218    352  1     gi|205    35953    36134 
   218    540  1     gi|274    14512    14693 
   219    353  1     gi|206     4713     4807 
   219    682  1       gi|7    31939    32034 
   220    354  1     gi|206    15897    16011 
   220    529  1      gi|27    18113    18263 
   220    729 -1      gi|91     6025     6175 
   221    356  1     gi|207    21433    23191 
   222    359  1     gi|209    27371    28148 
   222    481 -1     gi|252    34658    35642 
   222    507  1     gi|261    22706    23687 
   223    363  1      gi|21    18556    19201 
   223    632  1      gi|48    46660    47186 
   224    365  1      gi|21    19791    19902 
   225    367  1     gi|211    26230    26506 
   225    590  1      gi|36    20755    21033 
   226    371  1     gi|213        8      976 
   226    580 -1      gi|32    30927    31895 
   227    377  1     gi|216     9627     9767 
   227    444  1     gi|240    24254    24394 
   228    380  1     gi|218     5721     5837 
   228    474  1     gi|249    16857    16966 
   229    383  1     gi|218    22269    22337 
   229    464  1     gi|246    33960    34069 
   230    392  1      gi|22    35681    35966 
   230    579  1      gi|31    30170    30467 
   231    393  1      gi|22    36939    37581 
   232    394  1     gi|220     2227     2297 
   232    651 -1      gi|53    27757    27827 
   233    395  1     gi|222      812      937 
   233    660 -1      gi|56     7138     7269 
   234    396  1     gi|222     2453     3198 
   234    584  1      gi|33    38193    38962 
   235    402  1     gi|222    24243    24506 
   235    704 -1      gi|79     2585     2830 
   235    705 -1      gi|79     5402     5668 
   236    403  1     gi|223     7776     7830 
   236    562  1     gi|286        1       85 
   237    407  1     gi|227    14192    14689 
   237    492  1     gi|257    11689    12159 
   238    419  1     gi|232    19130    19568 
   238    478 -1     gi|250    11750    13253 
   239    420  1     gi|232    19831    20981 
   240    421  1     gi|232    21925    22311 
   240    563 -1     gi|286     2364     2560 
   241    423  1     gi|232    25045    25127 
   241    609 -1      gi|40    34920    35002 
   242    424  1     gi|233     3279     3339 
   242    588 -1      gi|36        2       70 
   242    803  1     gi|259    21905    21976 
   242    425  1     gi|233     3347     3417 
   242    802  1       gi|2        1       45 
   243    426  1     gi|235     5862     6034 
   243    491  1     gi|257    10710    11007 
   243    656 -1      gi|54    34040    34294 
   244    427  1     gi|235     9972    10099 
   244    448  1     gi|241    31700    31823 
   245    430  1     gi|235    36133    36450 
   245    547  1     gi|277    25625    26044 
   246    431  1     gi|236    15248    15659 
   246    554 -1     gi|282    24248    24659 
   247    432  1     gi|237    21836    22103 
   248    434  1     gi|237    34545    35085 
   248    681  1      gi|68    23612    24116 
   249    443  1     gi|240     7391     7448 
   249    452 -1     gi|243    28099    28190 
   249    466  1     gi|247     2046     2150 
   250    447  1     gi|241    29848    30587 
   251    450  1     gi|243     8691     8889 
   251    493 -1     gi|257    29999    30197 
   252    456  1     gi|245    16461    16544 
   252    534  1     gi|271    38536    38609 
   253    461  1     gi|246    19670    20132 
   253    476 -1      gi|25     3832     4315 
   254    470  1     gi|248     2799     2911 
   254    686 -1      gi|71     6395     6645 
   254    679  1      gi|67    21671    21922 
   254    685 -1      gi|71     6164     6420 
   255    477  1     gi|250        1       61 
   255    675  1      gi|64     3302     3362 
   256    479  1     gi|251     1663     1724 
   256    513 -1     gi|263      323      384 
   257    483  1     gi|253      382     2589 
   258    485  1     gi|254    22880    23219 
   258    589 -1      gi|36    10498    10835 
   259    487  1     gi|255     1356     1468 
   259    805  1      gi|26      281      411 
   259    489  1     gi|255     2699     2829 
   259    806  1     gi|255     2494     2619 
   260    490  1     gi|256    26771    27025 
   260    595  1      gi|36    39551    39808 
   261    495  1     gi|258     1413     1606 
   262    496  1     gi|258     1593     4085 
   262    603  1       gi|4    12292    16385 
   263    502  1     gi|260        4     4026 
   263    613 -1      gi|42        8     4007 
   264    504  1     gi|260    35503    35901 
   264    596  1      gi|38    11355    11759 
   265    505  1     gi|261    13897    14199 
   265    631  1      gi|48    44026    44328 
   266    506  1     gi|261    15613    15728 
   267    508  1     gi|262     2743     3457 
   267    695 -1      gi|76        5      733 
   268    510  1     gi|262    18584    24699 
   268    531 -1     gi|270       99     6248 
   269    511  1     gi|262    31111    31241 
   269    657 -1      gi|55     5017     5138 
   270    514  1     gi|264    21636    22250 
   270    739 -1      gi|95     3369     3992 
   271    515  1     gi|264    34198    34253 
   271    545  1     gi|277    12210    12265 
   272    520  1     gi|266     4900     4977 
   272    783  1     gi|279    39402    39486 
   272    784  1     gi|249    12245    12325 
   272    785  1     gi|121    17092    17201 
   273    528  1      gi|27    17596    17888 
   273    730 -1      gi|91     6481     6770 
   274    538  1     gi|272    39346    39640 
   274    600 -1      gi|39     4163     8294 
   275    543  1     gi|277     3612     4005 
   275    615  1      gi|44     3783     4173 
   275    634  1      gi|49    11883    12197 
   276    548  1     gi|278     8433     8716 
   276    591  1      gi|36    29007    29260 
   277    570  1     gi|288        1       62 
   277    585  1      gi|34     1885     1946 
   278    577  1      gi|29    35059    35517 
   278    641 -1      gi|50    18047    18472 
   279    578  1      gi|31     2684     2740 
   279    706  1       gi|8    13309    13360 
   280    581  1      gi|32    32916    40375 
   280    614 -1      gi|42     4003    11467 
   281    601  1       gi|4        1      577 
   281    671  1      gi|62    32663    33169 
   281    672  1      gi|62    33113    33380 
   282    616  1      gi|44    20563    20676 
   283    619  1      gi|45     5077     5513 
   283    723 -1      gi|88    22571    23007 
   283    741 -1      gi|97    25169    25350 
   284    622  1      gi|47    10960    11002 
   284    665 -1      gi|60     4031     4073 
   285    624  1      gi|47    21575    21701 
   286    628  1      gi|48    25206    25315 
   286    668 -1      gi|61    36102    36210 
   287    636  1       gi|5     4532     4585 
   287    721  1      gi|87        1       54 
   288    637  1      gi|50        2      322 
   288    670  1      gi|62    29417    29739 
   289    643  1      gi|50    24522    24758 
   290    644  1      gi|50    25568    26107 
   291    659  1      gi|56     2234     2794 
   291    728  1      gi|90       11      574 
   292    666  1      gi|60    39333    39924 
   293    696  1      gi|77      832     1182 
   294    697  1      gi|77    10315    10623 
   295    707  1       gi|8    28478    28857 
   296    731  1      gi|91    13414    13614 
   297    736  1      gi|94     7425     7631 
   298    742  1      gi|99     5830     6035 
   299    745  1     gi|280    39128    39163 
   299    754  1     gi|155      202      242 
   300    747  1     gi|107    31112    31264 
   300    749  1     gi|114     3448     3609 
   301    761  1      gi|12    36557    36707 
   301    764 -1     gi|111    39149    39293 
   302    771  1      gi|12    30357    30485 
   302    774  1      gi|74    20675    20782 
   302    775 -1     gi|171    30738    30822 
   303    772  1      gi|74    20326    20432 
   303    777  1     gi|181     3436     3563 
   303    780 -1     gi|215    21711    21832 
   304    786  1     gi|132     9764     9843 
   304    789 -1      gi|65     1704     1774 
   305    792  1     gi|218    16786    16901 
