1 gi|1 17585 17922
2 gi|1 18026 18311
3 gi|100 28270 28480
4 gi|100 31428 31489
5 gi|101 23113 23639
6 gi|101 25318 25536
7 gi|101 31274 31713
8 gi|102 26023 27217
9 gi|102 31297 31508
10 gi|102 32249 32447
11 gi|102 35024 35268
12 gi|102 39081 39415
13 gi|103 1 51
14 gi|103 2761 2816
15 gi|104 1 59
16 gi|104 5606 5698
17 gi|105 20491 21336
18 gi|105 40623 40889
19 gi|106 313 776
20 gi|106 39180 39439
21 gi|107 10540 10687
22 gi|107 13736 13919
23 gi|107 19840 20044
24 gi|107 21921 22019
25 gi|107 22519 22753
26 gi|107 25235 25286
27 gi|107 31112 31483
28 gi|107 38017 38341
29 gi|108 8478 8564
30 gi|108 9678 11342
31 gi|108 19065 19836
32 gi|108 20306 20916
33 gi|108 21284 21615
34 gi|109 1 60
35 gi|109 2796 2850
36 gi|11 1 639
37 gi|11 630 793
38 gi|110 7137 7245
39 gi|110 9808 10147
40 gi|110 15970 16794
41 gi|110 30093 30164
42 gi|111 2048 2194
43 gi|111 12942 13409
44 gi|111 20738 20792
45 gi|111 38994 39293
46 gi|111 39767 39998
47 gi|113 15704 16113
48 gi|113 21791 21855
49 gi|113 28526 29028
50 gi|113 28888 29200
51 gi|113 29906 30272
52 gi|113 30891 31048
53 gi|114 1 284
54 gi|114 3448 3962
55 gi|114 6771 7649
56 gi|115 1573 2414
57 gi|115 3042 3570
58 gi|115 4062 4186
59 gi|115 35879 36070
60 gi|115 39671 39857
61 gi|116 1 60
62 gi|116 3885 3928
63 gi|117 22588 22686
64 gi|118 29233 29323
65 gi|119 5569 5664
66 gi|12 294 868
67 gi|12 1365 1693
68 gi|12 20608 20820
69 gi|12 26324 26450
70 gi|12 27828 28656
71 gi|12 28611 28817
72 gi|12 30115 30485
73 gi|12 35918 36138
74 gi|12 36557 36965
75 gi|120 21315 21402
76 gi|121 2936 3197
77 gi|121 17092 17219
78 gi|121 19021 19312
79 gi|121 28882 29133
80 gi|121 32440 32694
81 gi|121 32895 33229
82 gi|123 28775 29486
83 gi|124 434 1911
84 gi|124 2833 2878
85 gi|124 2902 3509
86 gi|124 5725 6770
87 gi|124 9417 10793
88 gi|124 14262 16639
89 gi|124 16775 16908
90 gi|124 17161 18778
91 gi|124 20476 21645
92 gi|124 23841 24540
93 gi|124 26287 27209
94 gi|124 28222 28501
95 gi|124 36428 36832
96 gi|125 20004 20062
97 gi|126 9385 9486
98 gi|127 9840 9985
99 gi|127 10509 10987
100 gi|128 4272 4576
101 gi|128 5164 5460
102 gi|128 6794 6948
103 gi|128 29656 29716
104 gi|129 10672 11308
105 gi|129 11576 11695
106 gi|129 11959 12214
107 gi|13 8827 9566
108 gi|13 19182 19282
109 gi|13 28279 28705
110 gi|130 1 560
111 gi|130 16402 16459
112 gi|130 29852 29933
113 gi|130 30018 30111
114 gi|130 30636 31068
115 gi|130 31249 31869
116 gi|130 37787 37943
117 gi|131 559 1624
118 gi|131 25202 25536
119 gi|132 9764 10108
120 gi|132 19763 20170
121 gi|132 20434 20539
122 gi|132 21869 22154
123 gi|132 22379 22499
124 gi|133 32797 32850
125 gi|133 32859 32925
126 gi|133 34310 34400
127 gi|134 1 928
128 gi|134 1211 1320
129 gi|134 1558 3519
130 gi|134 5892 6043
131 gi|135 13351 13467
132 gi|135 22615 23831
133 gi|136 17436 18027
134 gi|136 18177 18563
135 gi|136 38494 40273
136 gi|137 35680 35771
137 gi|139 14226 14452
138 gi|139 28788 29407
139 gi|14 5221 5295
140 gi|14 9081 9984
141 gi|14 15356 15430
142 gi|14 41499 41927
143 gi|140 17025 17773
144 gi|141 21407 21697
145 gi|141 25347 26174
146 gi|141 29316 29477
147 gi|141 29416 29638
148 gi|141 29861 30117
149 gi|141 31775 32141
150 gi|142 42150 42297
151 gi|144 15947 16013
152 gi|144 35702 37289
153 gi|145 32200 32448
154 gi|145 33746 33901
155 gi|145 34117 34280
156 gi|146 33856 34062
157 gi|147 1956 2322
158 gi|147 2746 3107
159 gi|147 8007 8792
160 gi|147 31581 31674
161 gi|148 12193 12318
162 gi|148 20186 20835
163 gi|148 25404 25885
164 gi|149 2085 2757
165 gi|149 3126 3525
166 gi|15 6481 6828
167 gi|15 29923 30199
168 gi|15 30674 31031
169 gi|151 16 355
170 gi|151 7732 8037
171 gi|151 15493 15947
172 gi|151 17327 18106
173 gi|151 19780 20003
174 gi|151 20800 20888
175 gi|152 12203 12656
176 gi|152 12998 13203
177 gi|153 3 586
178 gi|155 1 56
179 gi|155 202 1665
180 gi|157 2336 3423
181 gi|157 4026 4737
182 gi|157 10299 10602
183 gi|157 36740 37294
184 gi|16 5890 6112
185 gi|16 12100 12666
186 gi|160 6089 6467
187 gi|160 7062 7631
188 gi|160 9823 10221
189 gi|160 12007 12537
190 gi|160 12600 12846
191 gi|160 34045 34497
192 gi|160 34659 34942
193 gi|160 38948 39707
194 gi|161 6636 7588
195 gi|161 7604 7706
196 gi|161 8938 9129
197 gi|161 14319 14899
198 gi|161 23587 24375
199 gi|162 664 817
200 gi|162 26103 26254
201 gi|162 30459 30758
202 gi|162 31909 32341
203 gi|163 1 62
204 gi|163 6116 6176
205 gi|164 11492 11643
206 gi|164 11823 11912
207 gi|164 17597 17662
208 gi|164 33823 34306
209 gi|164 34722 35037
210 gi|164 38303 38488
211 gi|165 4280 4377
212 gi|165 15921 16790
213 gi|166 7603 8034
214 gi|166 13358 13603
215 gi|166 14030 14395
216 gi|166 17691 18772
217 gi|166 23323 23422
218 gi|166 32677 32773
219 gi|166 33066 33398
220 gi|166 33688 33738
221 gi|166 34996 35323
222 gi|166 35869 36026
223 gi|168 1868 2262
224 gi|168 2725 3464
225 gi|168 26543 27116
226 gi|169 15791 15941
227 gi|170 30025 30093
228 gi|171 12060 12123
229 gi|171 14149 14590
230 gi|171 30738 31061
231 gi|171 38801 38898
232 gi|172 19614 19804
233 gi|172 28442 28810
234 gi|172 29270 29515
235 gi|173 1 831
236 gi|174 14660 14719
237 gi|175 987 1493
238 gi|175 2050 2327
239 gi|175 19135 19326
240 gi|175 36793 36918
241 gi|176 1406 2192
242 gi|176 24592 24669
243 gi|177 1 58
244 gi|177 12528 12645
245 gi|177 12609 12738
246 gi|177 12702 12820
247 gi|178 1905 2484
248 gi|178 20116 20381
249 gi|179 1472 1558
250 gi|179 2281 2325
251 gi|18 1 6563
252 gi|180 28244 28587
253 gi|180 28455 28744
254 gi|181 3436 3807
255 gi|182 160 288
256 gi|182 580 695
257 gi|182 1088 1201
258 gi|182 11740 11963
259 gi|182 12580 12753
260 gi|182 21250 21503
261 gi|182 27522 27608
262 gi|183 3058 3181
263 gi|183 38558 39093
264 gi|186 1 56
265 gi|186 4509 4904
266 gi|186 4748 5067
267 gi|186 32888 33722
268 gi|187 17924 18073
269 gi|187 23166 23575
270 gi|187 27436 27644
271 gi|187 27734 27985
272 gi|187 28237 28405
273 gi|188 7532 7687
274 gi|189 1 868
275 gi|189 7565 7760
276 gi|189 9962 10830
277 gi|189 12112 12578
278 gi|189 40453 40560
279 gi|19 15115 15206
280 gi|19 38044 38359
281 gi|19 38408 38544
282 gi|190 123 410
283 gi|191 4981 5402
284 gi|191 11231 11323
285 gi|191 27978 28183
286 gi|192 16204 16266
287 gi|192 16398 16559
288 gi|192 18193 18301
289 gi|192 19626 19886
290 gi|192 20287 20376
291 gi|192 21791 22386
292 gi|192 22330 22774
293 gi|192 23744 24166
294 gi|192 24270 24393
295 gi|192 25641 25944
296 gi|192 26291 26411
297 gi|192 27865 28026
298 gi|192 28829 28979
299 gi|192 29626 29901
300 gi|192 30167 30275
301 gi|192 32346 32694
302 gi|192 32871 32975
303 gi|192 34984 35258
304 gi|192 36348 36990
305 gi|192 38414 38913
306 gi|192 39438 39533
307 gi|194 1 135
308 gi|194 5748 5859
309 gi|194 7218 7869
310 gi|195 6014 6141
311 gi|195 12609 12942
312 gi|195 16494 16585
313 gi|195 16773 16972
314 gi|195 17034 17508
315 gi|195 34206 34791
316 gi|196 11714 12141
317 gi|196 13682 13724
318 gi|196 18081 18207
319 gi|197 9243 9528
320 gi|198 26069 26617
321 gi|198 26874 27298
322 gi|198 39771 39893
323 gi|199 2717 2759
324 gi|2 1 62
325 gi|2 6256 6286
326 gi|20 8171 8286
327 gi|20 15450 15585
328 gi|20 15819 15920
329 gi|20 32786 32843
330 gi|200 1 381
331 gi|200 338 448
332 gi|200 1013 1176
333 gi|200 4012 4052
334 gi|201 14 180
335 gi|201 376 483
336 gi|201 831 1144
337 gi|201 1328 1462
338 gi|201 8747 8954
339 gi|201 30200 30633
340 gi|202 1 328
341 gi|202 229 539
342 gi|202 451 722
343 gi|202 25180 25319
344 gi|202 26042 26570
345 gi|202 26727 27124
346 gi|202 27214 27374
347 gi|202 36230 36986
348 gi|202 37317 37699
349 gi|204 25112 25301
350 gi|204 26591 27013
351 gi|204 36156 36336
352 gi|205 35953 36134
353 gi|206 4713 4807
354 gi|206 15897 16011
355 gi|207 20061 20173
356 gi|207 21433 23191
357 gi|209 7389 8022
358 gi|209 19134 20389
359 gi|209 27371 28148
360 gi|209 33426 34294
361 gi|21 7685 7939
362 gi|21 7887 8220
363 gi|21 18556 19201
364 gi|21 19276 19526
365 gi|21 19791 19902
366 gi|21 37043 37256
367 gi|211 26230 26506
368 gi|211 33874 34853
369 gi|212 1 128
370 gi|212 2528 2626
371 gi|213 8 976
372 gi|214 15488 15594
373 gi|214 19054 19240
374 gi|214 19631 19815
375 gi|215 21468 21832
376 gi|215 23952 24042
377 gi|216 9627 9767
378 gi|216 37793 38003
379 gi|217 9875 9925
380 gi|218 5721 5837
381 gi|218 16770 17804
382 gi|218 21903 22093
383 gi|218 22269 22337
384 gi|218 28347 28449
385 gi|218 37996 38322
386 gi|218 40081 42738
387 gi|219 32628 32811
388 gi|22 8151 8335
389 gi|22 9892 10256
390 gi|22 10817 10867
391 gi|22 10976 11576
392 gi|22 35681 35966
393 gi|22 36931 37582
394 gi|220 2227 2297
395 gi|222 812 937
396 gi|222 2453 3198
397 gi|222 5502 5625
398 gi|222 5995 6114
399 gi|222 12123 12281
400 gi|222 13713 13866
401 gi|222 20816 20990
402 gi|222 24243 24508
403 gi|223 7773 7830
404 gi|224 27980 28110
405 gi|226 102 685
406 gi|226 20491 20593
407 gi|227 14192 14689
408 gi|227 14879 15668
409 gi|227 21754 22251
410 gi|229 2090 2161
411 gi|229 21562 22071
412 gi|229 22645 23511
413 gi|230 17231 18292
414 gi|230 34715 34906
415 gi|230 37510 38045
416 gi|230 38207 38563
417 gi|231 11594 11689
418 gi|232 15145 16202
419 gi|232 19130 19574
420 gi|232 19831 20981
421 gi|232 21925 22311
422 gi|232 22515 22600
423 gi|232 25045 25127
424 gi|233 3278 3339
425 gi|233 3344 3424
426 gi|235 5862 6034
427 gi|235 9972 10099
428 gi|235 31827 31964
429 gi|235 32472 32973
430 gi|235 36133 36450
431 gi|236 15248 15659
432 gi|237 21836 22103
433 gi|237 33660 33901
434 gi|237 34545 35085
435 gi|239 1 212
436 gi|239 21754 21989
437 gi|239 22177 22795
438 gi|239 38364 38892
439 gi|239 39127 39527
440 gi|239 39555 39715
441 gi|24 1078 6365
442 gi|24 19328 19517
443 gi|240 7391 7448
444 gi|240 24254 24394
445 gi|241 655 730
446 gi|241 1404 1872
447 gi|241 29848 30587
448 gi|241 31700 31823
449 gi|242 7938 8732
450 gi|243 8691 8889
451 gi|243 27926 28009
452 gi|243 28099 28190
453 gi|243 37330 38208
454 gi|244 1252 1701
455 gi|244 27243 27630
456 gi|245 16461 16544
457 gi|246 1 60
458 gi|246 16002 16091
459 gi|246 17010 17450
460 gi|246 17518 18140
461 gi|246 19670 20132
462 gi|246 24763 25496
463 gi|246 25385 25694
464 gi|246 33960 34069
465 gi|247 1 56
466 gi|247 2046 2150
467 gi|247 23736 23838
468 gi|247 24765 25027
469 gi|247 33797 34006
470 gi|248 2799 2911
471 gi|248 19220 19959
472 gi|249 12242 12345
473 gi|249 15265 15381
474 gi|249 16857 16966
475 gi|25 552 1332
476 gi|25 3832 4315
477 gi|250 1 61
478 gi|250 11750 13259
479 gi|251 1663 1724
480 gi|252 16373 16687
481 gi|252 34658 35642
482 gi|253 1 496
483 gi|253 382 2589
484 gi|253 4853 5006
485 gi|254 22880 23219
486 gi|254 29141 29227
487 gi|255 1355 1468
488 gi|255 2462 2619
489 gi|255 2699 2834
490 gi|256 26771 27025
491 gi|257 10710 11007
492 gi|257 11689 12159
493 gi|257 29999 30197
494 gi|258 1 1417
495 gi|258 1413 1606
496 gi|258 1593 4085
497 gi|259 2507 3117
498 gi|259 12936 13106
499 gi|259 21902 21993
500 gi|26 249 418
501 gi|26 32193 32887
502 gi|260 4 4026
503 gi|260 25869 25985
504 gi|260 35503 35901
505 gi|261 13897 14199
506 gi|261 15613 15728
507 gi|261 22706 23687
508 gi|262 2743 3457
509 gi|262 11980 18604
510 gi|262 18584 24699
511 gi|262 31111 31241
512 gi|262 32023 32152
513 gi|263 323 384
514 gi|264 21636 22250
515 gi|264 34198 34253
516 gi|264 37652 37922
517 gi|264 38432 40309
518 gi|265 20799 20926
519 gi|265 31953 32412
520 gi|266 4897 4983
521 gi|267 24650 24900
522 gi|267 25410 25963
523 gi|267 30857 31164
524 gi|267 31433 31572
525 gi|269 40463 40746
526 gi|269 40914 41345
527 gi|27 916 1853
528 gi|27 17596 17888
529 gi|27 18113 18263
530 gi|27 18225 18303
531 gi|270 99 6248
532 gi|271 2414 2889
533 gi|271 38478 38570
534 gi|271 38536 38609
535 gi|272 5737 5867
536 gi|272 26872 26981
537 gi|272 27093 27231
538 gi|272 39346 39640
539 gi|273 17735 18018
540 gi|274 14512 14693
541 gi|274 20106 20221
542 gi|275 33015 33059
543 gi|277 3612 4005
544 gi|277 9443 9834
545 gi|277 12210 12265
546 gi|277 12539 12678
547 gi|277 25625 26044
548 gi|278 8433 8716
549 gi|279 4522 4734
550 gi|279 39398 39508
551 gi|280 39128 39291
552 gi|280 39606 39868
553 gi|280 39760 39995
554 gi|282 24248 24659
555 gi|282 27152 27370
556 gi|282 36994 37202
557 gi|282 37474 37724
558 gi|284 6640 6703
559 gi|285 8582 8717
560 gi|285 22875 23226
561 gi|285 27300 27425
562 gi|286 1 85
563 gi|286 2364 2560
564 gi|286 27498 27766
565 gi|287 12 165
566 gi|287 217 384
567 gi|287 395 615
568 gi|287 523 792
569 gi|287 700 897
570 gi|288 1 62
571 gi|29 203 673
572 gi|29 865 1015
573 gi|29 1872 2524
574 gi|29 2451 2725
575 gi|29 30875 31410
576 gi|29 32088 32168
577 gi|29 35059 35517
578 gi|31 2684 2740
579 gi|31 30170 30467
580 gi|32 30927 31895
581 gi|32 32916 40375
582 gi|33 5932 6187
583 gi|33 13335 13600
584 gi|33 38193 38962
585 gi|34 1885 1946
586 gi|35 93 163
587 gi|35 1247 1338
588 gi|36 1 76
589 gi|36 10498 10835
590 gi|36 20755 21033
591 gi|36 29007 29260
592 gi|36 31689 32264
593 gi|36 34301 34518
594 gi|36 38661 38860
595 gi|36 39551 39808
596 gi|38 11355 11759
597 gi|39 4 644
598 gi|39 695 752
599 gi|39 2346 2636
600 gi|39 4163 8294
601 gi|4 1 577
602 gi|4 11008 12398
603 gi|4 12292 16385
604 gi|4 17012 17060
605 gi|4 17752 18467
606 gi|4 18579 19447
607 gi|4 19394 19604
608 gi|40 15732 15872
609 gi|40 34920 35002
610 gi|41 1 55
611 gi|41 22008 22242
612 gi|41 26628 26732
613 gi|42 8 4007
614 gi|42 4003 11467
615 gi|44 3783 4173
616 gi|44 20563 20676
617 gi|44 20852 20891
618 gi|44 21235 21558
619 gi|45 5077 5513
620 gi|46 3496 3547
621 gi|46 10893 11188
622 gi|47 10960 11002
623 gi|47 11033 11117
624 gi|47 21575 21701
625 gi|48 1 311
626 gi|48 342 409
627 gi|48 12346 13006
628 gi|48 25206 25315
629 gi|48 27353 27707
630 gi|48 33906 34246
631 gi|48 44026 44328
632 gi|48 46660 47186
633 gi|48 47260 48015
634 gi|49 11883 12197
635 gi|5 1 61
636 gi|5 4532 4585
637 gi|50 2 322
638 gi|50 9784 9858
639 gi|50 10608 10701
640 gi|50 16369 16426
641 gi|50 18047 18472
642 gi|50 20584 20691
643 gi|50 24522 24758
644 gi|50 25568 26107
645 gi|51 1 5274
646 gi|52 2326 2764
647 gi|52 5035 5199
648 gi|52 5311 5509
649 gi|52 20417 20503
650 gi|53 8218 8584
651 gi|53 27757 27827
652 gi|54 16140 17098
653 gi|54 18246 18364
654 gi|54 18333 18503
655 gi|54 32313 32478
656 gi|54 34040 34294
657 gi|55 5017 5138
658 gi|55 13738 14389
659 gi|56 2234 2794
660 gi|56 7138 7269
661 gi|57 1335 1521
662 gi|58 1 1202
663 gi|59 1 62
664 gi|59 51 959
665 gi|60 4031 4073
666 gi|60 39333 39924
667 gi|61 533 958
668 gi|61 36102 36210
669 gi|62 29218 29487
670 gi|62 29417 29739
671 gi|62 32663 33169
672 gi|62 33113 33380
673 gi|63 4330 5137
674 gi|63 40230 40273
675 gi|64 3302 3362
676 gi|65 1472 1774
677 gi|65 9813 10137
678 gi|65 29433 29579
679 gi|67 21670 21923
680 gi|68 22978 23225
681 gi|68 23612 24116
682 gi|7 31939 32034
683 gi|70 3957 4017
684 gi|70 7155 7255
685 gi|71 6164 6420
686 gi|71 6395 6646
687 gi|72 14 169
688 gi|73 36668 36793
689 gi|73 38072 38433
690 gi|74 1 61
691 gi|74 20326 20782
692 gi|74 29773 29845
693 gi|75 34987 35819
694 gi|75 35637 36014
695 gi|76 5 733
696 gi|77 830 1182
697 gi|77 10315 10623
698 gi|78 4424 4740
699 gi|78 20632 21737
700 gi|78 25460 25862
701 gi|78 26252 26357
702 gi|78 27165 27438
703 gi|78 30770 30989
704 gi|79 2585 2830
705 gi|79 5402 5668
706 gi|8 13309 13360
707 gi|8 28478 28857
708 gi|8 30022 30074
709 gi|8 36970 37225
710 gi|8 37358 37667
711 gi|80 26043 26252
712 gi|80 29757 30235
713 gi|81 306 1819
714 gi|81 2719 2764
715 gi|83 14379 14598
716 gi|84 3945 4080
717 gi|85 3935 5134
718 gi|86 1 43
719 gi|86 8447 9156
720 gi|86 13522 13792
721 gi|87 1 54
722 gi|88 11251 11546
723 gi|88 22571 23007
724 gi|88 26080 26184
725 gi|89 1 60
726 gi|89 15422 15948
727 gi|89 17595 18034
728 gi|90 11 574
729 gi|91 6025 6175
730 gi|91 6481 6770
731 gi|91 13414 13614
732 gi|91 15615 15708
733 gi|92 18110 19765
734 gi|93 24474 24585
735 gi|94 4164 4254
736 gi|94 7425 7631
737 gi|94 35150 35211
738 gi|95 1330 1560
739 gi|95 3369 3992
740 gi|95 9799 11617
741 gi|97 25169 25350
742 gi|99 5830 6035
743 gi|99 5971 6959
