0 255 gi|1 17585 17922 
2 262 gi|1 18026 18188 
4 381 gi|1 18047 18311 
6 282 gi|1 18068 18166 
799 285 gi|100 28270 28480 
968 266 gi|100 31428 31489 
933 251 gi|100 31434 31489 
970 253 gi|100 31434 31486 
972 286 gi|100 31437 31489 
974 270 gi|100 31439 31485 
917 476 gi|101 23113 23639 
921 256 gi|101 25318 25536 
919 587 gi|101 31274 31713 
976 437 gi|102 26023 26698 
879 1912 gi|102 26036 27217 
978 486 gi|102 26160 26603 
982 571 gi|102 26181 26813 
980 575 gi|102 26181 26792 
471 267 gi|102 26185 26402 
323 257 gi|102 26187 26462 
281 289 gi|102 26325 26402 
984 547 gi|102 26492 26788 
986 1128 gi|102 31297 31508 
988 1157 gi|102 31339 31506 
990 1154 gi|102 32249 32441 
992 1044 gi|102 32273 32447 
994 280 gi|102 35024 35268 
996 284 gi|102 39081 39415 
998 285 gi|102 39090 39302 
1000 450 gi|103 1 51 
1002 457 gi|103 2761 2816 
1004 527 gi|104 1 59 
1006 275 gi|104 5606 5698 
1008 1788 gi|105 20491 21336 
1010 1262 gi|105 40623 40889 
1012 597 gi|105 40623 40817 
1014 1257 gi|105 40695 40889 
1016 843 gi|105 40724 40889 
1018 1004 gi|105 40746 40889 
1020 283 gi|106 313 776 
1022 291 gi|106 39180 39439 
1024 422 gi|107 10540 10681 
1026 269 gi|107 10596 10687 
1028 301 gi|107 13736 13919 
1030 296 gi|107 19840 20044 
927 261 gi|107 21921 22019 
949 254 gi|107 21952 22004 
957 283 gi|107 22519 22753 
535 305 gi|107 25235 25286 
1032 388 gi|107 31112 31483 
999 285 gi|107 31267 31482 
925 271 gi|107 31275 31475 
1034 327 gi|107 38017 38341 
1036 263 gi|108 8478 8564 
929 1283 gi|108 9678 11342 
1038 318 gi|108 9823 10328 
1040 356 gi|108 9825 10652 
1042 443 gi|108 10586 11057 
1044 584 gi|108 10598 11086 
1046 423 gi|108 10620 11056 
643 680 gi|108 10735 11065 
1048 322 gi|108 10755 11173 
87 307 gi|108 10846 11111 
1050 264 gi|108 10926 11069 
1052 1152 gi|108 19065 19836 
115 484 gi|108 20306 20916 
117 263 gi|108 21284 21615 
915 567 gi|109 1 60 
497 516 gi|109 2796 2850 
104 457 gi|11 1 638 
98 702 gi|11 1 614 
100 617 gi|11 1 582 
102 549 gi|11 1 59 
106 397 gi|11 586 639 
108 381 gi|11 588 639 
110 1414 gi|11 630 793 
112 318 gi|11 630 670 
1054 280 gi|110 7137 7245 
767 260 gi|110 9808 10147 
563 299 gi|110 9956 10048 
125 1040 gi|110 15970 16794 
1056 261 gi|110 16191 16303 
945 275 gi|110 16658 16769 
445 262 gi|110 30093 30164 
1058 266 gi|111 2048 2194 
889 392 gi|111 12942 13409 
343 252 gi|111 20738 20792 
145 356 gi|111 38994 39293 
223 251 gi|111 39767 39998 
1060 1735 gi|113 15704 16113 
439 280 gi|113 21791 21855 
1062 254 gi|113 28526 28622 
271 593 gi|113 28537 29028 
1064 395 gi|113 28888 29200 
263 748 gi|113 29906 30269 
1066 324 gi|113 29944 30272 
1068 357 gi|113 30891 31022 
259 379 gi|113 30896 31048 
1070 1945 gi|114 1 284 
1033 388 gi|114 3448 3828 
997 284 gi|114 3600 3931 
1035 327 gi|114 3614 3962 
1031 296 gi|114 3624 3828 
923 265 gi|114 3672 3826 
1072 1298 gi|114 6771 7649 
1074 424 gi|115 1573 2414 
1076 382 gi|115 3042 3570 
1078 257 gi|115 4062 4186 
1080 261 gi|115 35879 36070 
837 250 gi|115 39671 39857 
1082 482 gi|116 1 60 
1084 389 gi|116 3885 3928 
1086 355 gi|116 3889 3928 
1088 269 gi|117 22588 22686 
625 439 gi|118 29233 29323 
621 420 gi|118 29248 29322 
1090 265 gi|119 5569 5664 
114 484 gi|12 294 868 
116 263 gi|12 1365 1693 
120 309 gi|12 20608 20820 
118 347 gi|12 20608 20691 
122 299 gi|12 26324 26450 
124 1040 gi|12 27828 28656 
126 265 gi|12 27876 27984 
128 256 gi|12 28611 28817 
130 654 gi|12 30115 30485 
132 253 gi|12 30115 30354 
134 408 gi|12 30116 30362 
136 308 gi|12 30119 30351 
138 299 gi|12 35918 36138 
140 429 gi|12 35929 36027 
142 253 gi|12 35932 36131 
144 356 gi|12 36557 36862 
146 421 gi|12 36703 36841 
148 266 gi|12 36706 36851 
150 323 gi|12 36712 36965 
201 268 gi|120 21315 21402 
135 408 gi|121 2936 3197 
1092 303 gi|121 17092 17219 
1094 429 gi|121 17110 17200 
1023 291 gi|121 19021 19312 
761 261 gi|121 28882 29133 
1096 301 gi|121 28882 29126 
93 346 gi|121 32440 32694 
695 308 gi|121 32895 33051 
97 305 gi|121 32923 33229 
1098 564 gi|123 28775 29486 
1100 690 gi|124 434 1868 
1102 950 gi|124 915 1876 
1104 1020 gi|124 963 1911 
1106 1227 gi|124 988 1868 
873 417 gi|124 2833 2878 
867 422 gi|124 2902 3156 
729 265 gi|124 2922 3509 
1108 856 gi|124 5725 6770 
1110 831 gi|124 5731 6647 
1112 819 gi|124 5732 6770 
1114 659 gi|124 5737 6741 
1116 263 gi|124 9417 10793 
1118 545 gi|124 9494 10608 
1120 506 gi|124 9514 10530 
1122 613 gi|124 10071 10579 
1124 503 gi|124 14262 16358 
1126 496 gi|124 14841 16240 
1128 541 gi|124 15033 16561 
1130 479 gi|124 15415 16639 
1132 268 gi|124 16775 16908 
1134 260 gi|124 16780 16889 
1136 274 gi|124 17161 17453 
865 435 gi|124 17185 18695 
99 702 gi|124 18019 18656 
709 427 gi|124 18598 18778 
1138 296 gi|124 18633 18758 
1140 1237 gi|124 20476 21632 
1142 1003 gi|124 20554 21467 
1144 654 gi|124 20575 21623 
1146 960 gi|124 20740 21645 
871 415 gi|124 23841 24512 
101 617 gi|124 23883 24494 
711 376 gi|124 24436 24540 
1148 442 gi|124 26287 27181 
1150 715 gi|124 26288 27209 
1152 657 gi|124 26562 27193 
1154 393 gi|124 26565 26754 
1156 399 gi|124 28222 28501 
1158 299 gi|124 36428 36832 
1005 527 gi|125 20004 20062 
783 256 gi|126 9385 9486 
149 266 gi|127 9840 9985 
1160 380 gi|127 10509 10987 
1162 261 gi|128 4272 4576 
835 314 gi|128 5164 5460 
1164 252 gi|128 5179 5460 
539 312 gi|128 5223 5372 
541 266 gi|128 6794 6948 
69 571 gi|128 29656 29716 
645 504 gi|129 10672 11067 
1166 423 gi|129 10741 11201 
1168 590 gi|129 10745 11186 
81 330 gi|129 10762 10986 
1170 689 gi|129 10779 10985 
1172 435 gi|129 10791 10981 
941 555 gi|129 10839 11140 
1174 400 gi|129 10844 10969 
1047 423 gi|129 10848 11308 
1176 275 gi|129 11576 11695 
1178 334 gi|129 11959 12187 
639 326 gi|129 11962 12141 
1180 333 gi|129 12082 12200 
1182 311 gi|129 12086 12207 
975 270 gi|129 12095 12141 
1184 292 gi|129 12101 12214 
1186 255 gi|129 12105 12167 
152 441 gi|13 8827 9566 
154 264 gi|13 8839 9284 
156 268 gi|13 19182 19282 
158 949 gi|13 28279 28705 
1188 1376 gi|130 1 198 
1190 628 gi|130 1 117 
1192 294 gi|130 1 44 
1194 256 gi|130 1 29 
1196 1283 gi|130 3 305 
1198 508 gi|130 3 138 
1200 288 gi|130 24 89 
1202 517 gi|130 44 181 
1204 757 gi|130 65 472 
1206 718 gi|130 90 219 
1208 1524 gi|130 96 407 
1210 555 gi|130 133 280 
1212 468 gi|130 139 228 
1214 1500 gi|130 194 465 
1216 663 gi|130 214 364 
1218 550 gi|130 249 331 
1220 699 gi|130 266 430 
1222 1101 gi|130 279 560 
1224 573 gi|130 316 443 
1226 414 gi|130 356 422 
627 297 gi|130 16402 16459 
1228 305 gi|130 29852 29933 
1230 368 gi|130 30018 30111 
1232 267 gi|130 30018 30096 
1234 266 gi|130 30636 31068 
1236 669 gi|130 31249 31869 
1025 422 gi|130 37787 37943 
1238 277 gi|131 559 1624 
1240 344 gi|131 1194 1508 
1242 625 gi|131 25202 25536 
763 285 gi|132 9764 10067 
1097 301 gi|132 9843 10081 
1244 265 gi|132 9843 10042 
1246 288 gi|132 9857 10012 
1248 411 gi|132 9885 10108 
841 611 gi|132 19763 20170 
843 301 gi|132 20434 20539 
845 335 gi|132 21869 22154 
1250 250 gi|132 22379 22499 
43 252 gi|133 32797 32850 
781 346 gi|133 32859 32925 
447 372 gi|133 34310 34400 
725 2502 gi|134 1 871 
109 381 gi|134 1 52 
1137 274 gi|134 635 928 
869 254 gi|134 711 886 
1252 324 gi|134 728 886 
1135 260 gi|134 1211 1320 
1254 1134 gi|134 1558 3519 
1129 541 gi|134 1596 3154 
1147 960 gi|134 1657 2568 
1123 613 gi|134 1689 2191 
1256 1173 gi|134 1727 3203 
1258 2746 gi|134 1796 3451 
1103 950 gi|134 1828 2756 
1111 831 gi|134 1832 2754 
1155 393 gi|134 2371 2560 
1260 697 gi|134 5892 6043 
1139 296 gi|134 5912 6043 
713 296 gi|134 5974 6043 
1262 290 gi|135 13351 13467 
1264 816 gi|135 22615 23831 
977 437 gi|135 22682 23342 
1266 574 gi|135 22695 23059 
5 381 gi|135 22695 22943 
1268 914 gi|135 22739 23378 
883 578 gi|135 22803 23242 
1270 332 gi|135 22828 23045 
1272 349 gi|135 23077 23331 
1274 418 gi|136 17436 18003 
1276 361 gi|136 17458 17550 
683 289 gi|136 17459 18018 
811 757 gi|136 17461 18027 
1278 302 gi|136 17651 17971 
561 365 gi|136 17658 18017 
1280 264 gi|136 17719 17858 
1282 321 gi|136 17749 18006 
1284 250 gi|136 17941 17994 
829 302 gi|136 18177 18563 
961 4046 gi|136 38494 40273 
1286 1836 gi|136 38577 40167 
1288 284 gi|137 35680 35765 
1290 271 gi|137 35680 35761 
413 465 gi|137 35690 35771 
995 280 gi|139 14226 14452 
461 941 gi|139 28788 29311 
1294 708 gi|139 28794 29407 
1292 854 gi|139 28794 29259 
1296 632 gi|139 28800 29184 
733 541 gi|139 28904 29247 
160 263 gi|14 5221 5295 
162 802 gi|14 9081 9727 
164 741 gi|14 9107 9689 
166 837 gi|14 9131 9820 
168 918 gi|14 9143 9970 
170 938 gi|14 9155 9984 
172 261 gi|14 9167 9633 
174 368 gi|14 9172 9305 
176 265 gi|14 9226 9293 
178 338 gi|14 9405 9802 
180 263 gi|14 15356 15430 
159 949 gi|14 41499 41927 
747 1842 gi|140 17025 17764 
1298 1370 gi|140 17081 17565 
901 799 gi|140 17092 17768 
1300 610 gi|140 17101 17514 
1302 612 gi|140 17584 17773 
909 574 gi|141 21407 21697 
521 334 gi|141 21516 21668 
749 521 gi|141 25347 25751 
1304 601 gi|141 25348 25869 
1301 610 gi|141 25389 25799 
153 441 gi|141 25393 26174 
897 559 gi|141 25404 26131 
697 287 gi|141 29316 29477 
875 418 gi|141 29416 29638 
437 349 gi|141 29861 30117 
679 461 gi|141 31775 32141 
745 358 gi|142 42150 42297 
1306 290 gi|144 15947 16013 
1287 1836 gi|144 35702 37289 
963 2216 gi|144 35704 37286 
653 271 gi|145 32200 32438 
1308 462 gi|145 32214 32448 
1310 412 gi|145 32229 32438 
1312 284 gi|145 32242 32438 
1175 400 gi|145 32311 32438 
1314 325 gi|145 33746 33901 
1316 291 gi|145 34117 34280 
971 253 gi|145 34168 34220 
1318 258 gi|145 34190 34254 
905 435 gi|146 33856 34062 
1267 574 gi|147 1956 2320 
1320 455 gi|147 2080 2318 
1322 434 gi|147 2085 2322 
7 282 gi|147 2086 2184 
1273 349 gi|147 2746 3006 
1324 336 gi|147 2746 2990 
985 547 gi|147 2806 3107 
893 410 gi|147 2811 3035 
1326 262 gi|147 2816 2899 
899 348 gi|147 8007 8792 
1091 265 gi|147 31581 31674 
1328 263 gi|148 12193 12318 
179 338 gi|148 20186 20601 
227 430 gi|148 20303 20795 
339 336 gi|148 20306 20800 
1330 460 gi|148 20318 20745 
1332 440 gi|148 20356 20831 
1334 347 gi|148 20362 20773 
1336 275 gi|148 20367 20760 
1338 362 gi|148 20549 20835 
739 347 gi|148 25404 25844 
1340 308 gi|148 25612 25822 
1342 264 gi|148 25613 25885 
1344 284 gi|149 2085 2320 
1346 430 gi|149 2139 2725 
1348 583 gi|149 2509 2757 
1350 264 gi|149 3126 3525 
1352 318 gi|149 3144 3484 
182 271 gi|15 6481 6606 
184 280 gi|15 6527 6610 
186 422 gi|15 6529 6828 
188 290 gi|15 29923 30199 
190 258 gi|15 30674 31031 
225 260 gi|151 16 355 
95 284 gi|151 7732 7862 
1354 276 gi|151 7744 8020 
891 266 gi|151 7788 7862 
327 311 gi|151 7796 8037 
1356 255 gi|151 15493 15734 
1358 435 gi|151 15503 15947 
1360 384 gi|151 17327 18106 
1362 296 gi|151 19780 19901 
583 311 gi|151 19800 19969 
1364 262 gi|151 19800 19950 
255 267 gi|151 19855 19941 
1366 286 gi|151 19862 19994 
1307 290 gi|151 19867 19933 
1368 253 gi|151 19868 20003 
1370 360 gi|151 20800 20888 
581 308 gi|152 12203 12371 
1372 339 gi|152 12237 12656 
127 265 gi|152 12278 12386 
1374 336 gi|152 12998 13152 
1376 252 gi|152 13081 13196 
1378 295 gi|152 13085 13203 
1380 3120 gi|153 3 586 
1382 467 gi|155 1 56 
1384 365 gi|155 202 352 
931 311 gi|155 245 1522 
635 368 gi|155 248 435 
1181 333 gi|155 248 366 
1386 396 gi|155 260 365 
1039 318 gi|155 298 816 
1388 263 gi|155 300 368 
91 261 gi|155 300 349 
1315 325 gi|155 646 803 
1390 376 gi|155 720 1114 
1043 443 gi|155 1036 1520 
1392 1192 gi|155 1074 1629 
1394 441 gi|155 1239 1634 
1396 264 gi|155 1260 1573 
85 322 gi|155 1374 1577 
651 470 gi|155 1375 1665 
1171 689 gi|155 1381 1588 
1311 412 gi|155 1398 1607 
1398 1426 gi|157 2336 3423 
1099 564 gi|157 4026 4737 
1400 412 gi|157 10299 10602 
1402 588 gi|157 36740 37260 
735 722 gi|157 36829 37109 
1297 632 gi|157 36846 37230 
1404 865 gi|157 36855 37265 
469 511 gi|157 36877 37294 
192 282 gi|16 5890 6112 
194 388 gi|16 12100 12666 
196 284 gi|16 12459 12641 
351 253 gi|160 6089 6169 
1406 286 gi|160 6095 6467 
431 357 gi|160 7062 7445 
513 389 gi|160 7062 7445 
1408 330 gi|160 7179 7323 
1410 413 gi|160 7192 7631 
1412 269 gi|160 9823 10221 
1305 601 gi|160 12007 12537 
751 1318 gi|160 12017 12537 
1299 1370 gi|160 12028 12512 
903 448 gi|160 12037 12520 
155 264 gi|160 12064 12506 
1303 612 gi|160 12600 12789 
755 486 gi|160 12604 12846 
1414 278 gi|160 34045 34497 
1416 269 gi|160 34659 34942 
1053 1152 gi|160 38948 39707 
659 925 gi|161 6636 7588 
301 1106 gi|161 6636 7432 
657 377 gi|161 7604 7706 
297 370 gi|161 7604 7703 
293 267 gi|161 8938 9129 
655 381 gi|161 8938 9129 
1418 250 gi|161 14319 14899 
671 290 gi|161 14450 14603 
673 329 gi|161 14620 14810 
1275 418 gi|161 23587 24158 
1420 301 gi|161 23618 23707 
815 764 gi|161 23650 24375 
1422 320 gi|161 23801 24123 
565 575 gi|161 23815 24128 
1424 312 gi|161 23848 24012 
1426 287 gi|161 23867 24331 
1428 300 gi|161 23914 24263 
1430 272 gi|161 23924 24143 
953 338 gi|161 23967 24123 
1432 262 gi|161 24087 24152 
777 318 gi|162 664 817 
1059 266 gi|162 26103 26254 
1197 1283 gi|162 30459 30758 
1209 1524 gi|162 30459 30758 
1223 1101 gi|162 30459 30743 
1215 1500 gi|162 30479 30744 
1189 1376 gi|162 30562 30753 
1191 628 gi|162 30655 30753 
1195 256 gi|162 30730 30758 
1213 468 gi|162 31909 31992 
1205 757 gi|162 31910 32309 
1219 550 gi|162 31914 31993 
1201 288 gi|162 31914 31982 
1227 414 gi|162 31916 31982 
1193 294 gi|162 31939 31982 
1211 555 gi|162 32194 32341 
1217 663 gi|162 32194 32341 
1225 573 gi|162 32194 32336 
1221 699 gi|162 32198 32341 
1207 718 gi|162 32205 32334 
1203 517 gi|162 32207 32341 
1199 508 gi|162 32211 32334 
955 560 gi|163 1 62 
801 566 gi|163 6116 6176 
211 261 gi|164 11492 11623 
821 289 gi|164 11545 11643 
575 254 gi|164 11547 11604 
213 305 gi|164 11823 11912 
1433 262 gi|164 17597 17662 
1434 468 gi|164 33823 34306 
1163 261 gi|164 34722 35037 
1436 260 gi|164 34914 34989 
305 462 gi|164 38303 38482 
1440 324 gi|164 38340 38488 
1438 477 gi|164 38340 38476 
1442 403 gi|164 38349 38452 
1444 418 gi|165 4280 4369 
1233 267 gi|165 4299 4376 
1446 530 gi|165 4304 4377 
331 1119 gi|165 15921 16693 
1448 1486 gi|165 15926 16691 
605 325 gi|165 15984 16661 
599 434 gi|165 15984 16464 
169 918 gi|165 15991 16790 
1450 919 gi|165 15993 16552 
239 251 gi|165 16007 16478 
1339 362 gi|165 16016 16305 
251 285 gi|165 16042 16134 
1452 853 gi|165 16088 16727 
1454 409 gi|165 16094 16300 
1413 269 gi|166 7603 8034 
1456 552 gi|166 13358 13603 
1458 481 gi|166 14030 14395 
839 699 gi|166 17691 18772 
1460 294 gi|166 23323 23422 
1063 254 gi|166 32677 32773 
269 496 gi|166 33066 33336 
1065 395 gi|166 33077 33398 
267 251 gi|166 33688 33738 
1067 324 gi|166 34996 35323 
265 390 gi|166 35139 35320 
261 412 gi|166 35869 36026 
1069 357 gi|166 35894 36025 
1462 441 gi|168 1868 2245 
1351 264 gi|168 1882 2262 
1464 668 gi|168 2725 3464 
1347 430 gi|168 2766 3289 
1466 1089 gi|168 26543 27116 
1468 335 gi|169 15791 15941 
1470 270 gi|170 30025 30093 
1319 258 gi|171 12060 12123 
817 297 gi|171 14149 14569 
1279 302 gi|171 14263 14583 
1423 320 gi|171 14267 14590 
567 269 gi|171 14267 14571 
1472 294 gi|171 14432 14488 
805 660 gi|171 30738 31061 
1474 347 gi|171 30822 30920 
1007 275 gi|171 38801 38898 
1476 300 gi|172 19614 19804 
1459 481 gi|172 28442 28810 
1457 552 gi|172 29270 29515 
67 787 gi|173 1 201 
65 376 gi|173 1 99 
479 948 gi|173 12 558 
55 2714 gi|173 97 831 
45 602 gi|173 113 538 
483 288 gi|173 188 245 
481 1079 gi|173 222 550 
51 782 gi|173 236 594 
1478 495 gi|174 14660 14719 
1480 259 gi|175 987 1493 
1482 261 gi|175 2050 2327 
1477 300 gi|175 19135 19311 
1484 471 gi|175 19199 19318 
1093 303 gi|175 19204 19326 
1486 354 gi|175 19228 19309 
1488 307 gi|175 19228 19308 
1490 258 gi|175 36793 36918 
311 844 gi|176 1406 2192 
1492 365 gi|176 24592 24669 
221 483 gi|177 1 58 
1494 434 gi|177 12528 12645 
1496 959 gi|177 12609 12738 
1498 900 gi|177 12702 12820 
1467 1089 gi|178 1905 2484 
435 400 gi|178 20116 20381 
1500 373 gi|178 20217 20350 
947 315 gi|179 1472 1558 
1502 264 gi|179 2281 2325 
198 26101 gi|18 1 6563 
1504 310 gi|180 28244 28543 
205 369 gi|180 28249 28473 
859 328 gi|180 28299 28587 
1506 358 gi|180 28323 28581 
667 339 gi|180 28413 28581 
1508 334 gi|180 28420 28581 
1510 275 gi|180 28455 28744 
1512 481 gi|181 3436 3800 
803 819 gi|181 3451 3806 
137 308 gi|181 3562 3804 
1475 347 gi|181 3709 3807 
1514 294 gi|182 160 288 
1377 252 gi|182 160 275 
1057 261 gi|182 580 695 
1516 271 gi|182 1088 1201 
1518 283 gi|182 11740 11963 
1375 336 gi|182 12580 12753 
1520 302 gi|182 21250 21502 
1357 255 gi|182 21262 21503 
1522 286 gi|182 27522 27608 
1487 354 gi|182 27527 27607 
1524 263 gi|183 3058 3181 
407 2473 gi|183 38558 39093 
579 379 gi|183 38605 38959 
1383 467 gi|186 1 56 
857 698 gi|186 4509 4904 
1526 528 gi|186 4615 4874 
1528 495 gi|186 4616 4901 
665 286 gi|186 4701 4820 
1511 275 gi|186 4748 5067 
863 281 gi|186 4996 5066 
1009 1788 gi|186 32888 33722 
769 268 gi|187 17924 18073 
1061 1735 gi|187 23166 23575 
129 256 gi|187 27436 27644 
1530 462 gi|187 27734 27985 
1532 258 gi|187 27745 27867 
1534 250 gi|187 28237 28405 
593 419 gi|187 28249 28403 
787 1442 gi|188 7532 7687 
17 290 gi|189 1 31 
1536 4719 gi|189 4 866 
1538 1688 gi|189 196 515 
1540 677 gi|189 604 868 
1542 265 gi|189 7565 7752 
1425 312 gi|189 7590 7760 
1281 264 gi|189 7594 7732 
1317 291 gi|189 9962 10128 
1544 332 gi|189 9965 10068 
1179 334 gi|189 9977 10205 
1387 396 gi|189 9977 10081 
1041 356 gi|189 10016 10824 
1546 253 gi|189 10016 10063 
973 286 gi|189 10019 10071 
935 252 gi|189 10028 10829 
1177 275 gi|189 10397 10516 
1548 271 gi|189 10407 10659 
1391 376 gi|189 10412 10830 
1167 423 gi|189 12112 12572 
1049 322 gi|189 12164 12578 
943 267 gi|189 12188 12414 
1395 441 gi|189 12194 12576 
1550 392 gi|189 12278 12567 
791 337 gi|189 12290 12549 
649 346 gi|189 12319 12576 
79 323 gi|189 12320 12559 
1313 284 gi|189 12341 12537 
1461 294 gi|189 40453 40560 
200 268 gi|19 15115 15206 
202 328 gi|19 38044 38359 
204 369 gi|19 38080 38301 
206 350 gi|19 38408 38544 
485 1783 gi|190 123 410 
1373 339 gi|191 4981 5402 
1089 269 gi|191 11231 11323 
1249 411 gi|191 27978 28183 
365 308 gi|192 16204 16266 
369 324 gi|192 16398 16559 
359 319 gi|192 18193 18301 
405 270 gi|192 18229 18299 
381 369 gi|192 19626 19886 
399 261 gi|192 20287 20376 
385 431 gi|192 21791 22386 
367 371 gi|192 22330 22774 
387 464 gi|192 23744 24166 
393 300 gi|192 24270 24378 
363 286 gi|192 24313 24393 
375 357 gi|192 25641 25944 
395 319 gi|192 26291 26403 
353 297 gi|192 26292 26411 
389 267 gi|192 27865 28026 
371 295 gi|192 28829 28979 
379 297 gi|192 29626 29901 
397 296 gi|192 30167 30261 
361 276 gi|192 30169 30275 
377 403 gi|192 32346 32694 
355 312 gi|192 32871 32975 
403 304 gi|192 32908 32964 
401 398 gi|192 34984 35258 
383 319 gi|192 36348 36990 
391 552 gi|192 38414 38901 
357 395 gi|192 38803 38913 
373 272 gi|192 39438 39533 
877 999 gi|194 1 135 
1552 256 gi|194 5748 5859 
703 627 gi|194 7218 7869 
1491 258 gi|195 6014 6141 
1554 258 gi|195 12609 12762 
1505 310 gi|195 12642 12942 
1277 361 gi|195 16494 16585 
215 254 gi|195 16499 16578 
813 254 gi|195 16502 16583 
1543 265 gi|195 16773 16972 
689 311 gi|195 16830 16930 
691 428 gi|195 17034 17508 
195 388 gi|195 34206 34791 
1556 860 gi|196 11714 12141 
757 253 gi|196 13682 13724 
1558 272 gi|196 18081 18186 
1560 263 gi|196 18084 18207 
1562 270 gi|196 18106 18198 
1355 276 gi|197 9243 9528 
283 258 gi|197 9278 9340 
1411 413 gi|198 26069 26511 
509 313 gi|198 26105 26533 
429 320 gi|198 26106 26617 
1407 286 gi|198 26874 27238 
427 362 gi|198 27040 27298 
517 329 gi|198 27040 27297 
1564 368 gi|198 39771 39889 
1083 482 gi|198 39796 39855 
1085 389 gi|198 39850 39893 
895 295 gi|199 2717 2759 
8 549 gi|2 1 62 
10 465 gi|2 1 54 
14 408 gi|2 1 47 
12 283 gi|2 1 40 
16 290 gi|2 6256 6286 
18 263 gi|2 6259 6286 
208 257 gi|20 8171 8286 
210 261 gi|20 15450 15585 
212 305 gi|20 15819 15909 
214 254 gi|20 15838 15915 
216 316 gi|20 15847 15913 
218 317 gi|20 15848 15920 
220 483 gi|20 32786 32843 
1566 627 gi|200 1 381 
723 566 gi|200 1 62 
1568 260 gi|200 338 448 
111 1414 gi|200 1013 1176 
113 318 gi|200 4012 4052 
1570 1256 gi|201 14 180 
1572 1200 gi|201 42 180 
1574 533 gi|201 376 483 
1576 399 gi|201 393 483 
1578 583 gi|201 831 1144 
1580 480 gi|201 1005 1144 
1582 674 gi|201 1328 1462 
1584 674 gi|201 1329 1458 
303 428 gi|201 8747 8902 
1586 439 gi|201 8752 8954 
1588 297 gi|201 8774 8938 
1439 477 gi|201 8781 8923 
1557 860 gi|201 30200 30633 
1539 1688 gi|202 1 328 
1590 1624 gi|202 1 328 
547 2546 gi|202 229 539 
1592 1402 gi|202 451 718 
1541 677 gi|202 456 720 
553 328 gi|202 656 722 
1594 342 gi|202 25180 25319 
1596 640 gi|202 26042 26570 
1598 599 gi|202 26727 27124 
1600 276 gi|202 27214 27374 
1465 668 gi|202 36230 36986 
1345 284 gi|202 36379 36604 
1349 583 gi|202 36733 36978 
1353 318 gi|202 37317 37657 
1463 441 gi|202 37320 37699 
1185 292 gi|204 25112 25225 
1602 254 gi|204 25114 25260 
1389 263 gi|204 25178 25246 
1547 253 gi|204 25178 25225 
789 255 gi|204 25180 25301 
1397 264 gi|204 26591 26907 
1604 326 gi|204 26639 26907 
77 259 gi|204 26720 27013 
1173 435 gi|204 26720 26910 
1589 297 gi|204 36156 36314 
307 407 gi|204 36157 36303 
1441 324 gi|204 36159 36316 
1606 502 gi|204 36196 36336 
1608 259 gi|204 36196 36288 
1610 321 gi|205 35953 36134 
73 375 gi|206 4713 4807 
349 328 gi|206 15897 16011 
1445 418 gi|207 20061 20157 
1612 420 gi|207 20100 20173 
623 254 gi|207 20101 20164 
423 1148 gi|207 21433 22868 
1614 635 gi|207 21528 21913 
511 1257 gi|207 21529 23061 
1616 532 gi|207 21548 21888 
1618 1325 gi|207 22326 23191 
1620 495 gi|207 22326 23069 
1295 708 gi|209 7389 7995 
737 871 gi|209 7465 7868 
1403 588 gi|209 7500 8022 
463 773 gi|209 7547 7886 
1622 479 gi|209 7615 7989 
1265 816 gi|209 19134 20389 
981 575 gi|209 19556 20167 
1624 1118 gi|209 19560 20340 
887 590 gi|209 19597 20167 
1626 570 gi|209 19753 20193 
1431 272 gi|209 19777 19993 
1321 455 gi|209 19938 20172 
189 290 gi|209 19946 20219 
1285 250 gi|209 19946 19999 
1628 1186 gi|209 27371 28148 
333 927 gi|209 27453 28142 
1630 894 gi|209 27508 28119 
1451 919 gi|209 27545 28108 
165 741 gi|209 27564 28142 
1333 440 gi|209 27609 28090 
237 298 gi|209 27620 28038 
597 256 gi|209 27624 27836 
1341 308 gi|209 27798 28011 
247 255 gi|209 27945 28027 
613 274 gi|209 27967 28139 
555 329 gi|209 33426 33489 
1537 4719 gi|209 33427 34294 
1593 1402 gi|209 33427 33693 
551 427 gi|209 33603 33693 
1591 1624 gi|209 33774 34106 
549 250 gi|209 33774 33881 
19 263 gi|209 34267 34294 
143 253 gi|21 7685 7888 
222 251 gi|21 7695 7939 
224 260 gi|21 7887 8220 
226 430 gi|21 18556 19031 
228 301 gi|21 18564 19112 
230 360 gi|21 18568 19112 
232 559 gi|21 18597 19115 
234 306 gi|21 18610 19133 
173 261 gi|21 18620 19084 
238 251 gi|21 18620 19082 
240 263 gi|21 18620 19061 
236 298 gi|21 18620 19035 
242 460 gi|21 18649 19201 
244 252 gi|21 19276 19526 
246 255 gi|21 19791 19870 
248 257 gi|21 19796 19854 
177 265 gi|21 19803 19870 
250 285 gi|21 19810 19902 
252 286 gi|21 37043 37256 
254 267 gi|21 37106 37191 
256 273 gi|21 37123 37218 
457 391 gi|211 26230 26506 
967 1090 gi|211 33874 34847 
1381 3120 gi|211 34072 34655 
1632 456 gi|211 34792 34853 
1565 368 gi|212 1 128 
1087 355 gi|212 1 40 
1037 263 gi|212 2528 2626 
417 6331 gi|213 8 976 
629 272 gi|214 15488 15594 
991 1154 gi|214 19054 19240 
989 1157 gi|214 19054 19218 
987 1128 gi|214 19631 19815 
993 1044 gi|214 19669 19814 
133 253 gi|215 21468 21716 
807 504 gi|215 21470 21682 
1513 481 gi|215 21474 21832 
1291 271 gi|215 23952 24042 
1229 305 gi|215 23953 24035 
119 347 gi|215 23955 24040 
1634 323 gi|215 23955 24031 
1636 310 gi|216 9627 9767 
765 312 gi|216 37793 38003 
1245 265 gi|216 37804 38003 
1001 450 gi|217 9875 9925 
1638 266 gi|218 5721 5837 
1640 501 gi|218 16770 17391 
1642 340 gi|218 17051 17795 
527 282 gi|218 17112 17150 
1533 258 gi|218 17123 17242 
1644 265 gi|218 17649 17780 
1367 286 gi|218 17650 17782 
587 274 gi|218 17651 17804 
1646 321 gi|218 21903 22067 
121 309 gi|218 21904 22093 
1493 365 gi|218 21915 21993 
1648 331 gi|218 22269 22337 
1231 368 gi|218 28347 28437 
1447 530 gi|218 28364 28438 
1613 420 gi|218 28372 28449 
1253 324 gi|218 37996 38158 
727 373 gi|218 38011 38322 
1125 503 gi|218 40081 42234 
1255 1134 gi|218 40472 42455 
1650 1033 gi|218 40848 42738 
1652 923 gi|218 41028 42653 
1141 1237 gi|218 41165 42345 
1151 715 gi|218 41186 42090 
1121 506 gi|218 41231 42271 
1113 819 gi|218 41232 42300 
1107 1227 gi|218 41237 42099 
1569 260 gi|218 42621 42731 
197 284 gi|219 32628 32811 
258 379 gi|22 8151 8307 
260 412 gi|22 8178 8335 
262 748 gi|22 9892 10256 
264 390 gi|22 9892 10073 
266 251 gi|22 10817 10867 
268 496 gi|22 10976 11243 
270 593 gi|22 11088 11576 
272 263 gi|22 35681 35966 
274 319 gi|22 36931 37454 
276 294 gi|22 36939 37582 
278 263 gi|22 37030 37189 
280 289 gi|22 37096 37173 
282 258 gi|22 37125 37187 
284 283 gi|22 37140 37535 
286 268 gi|22 37150 37310 
288 258 gi|22 37150 37296 
681 278 gi|220 2227 2297 
707 274 gi|222 812 937 
441 658 gi|222 2453 3198 
1363 296 gi|222 5502 5625 
1485 471 gi|222 5995 6114 
1523 286 gi|222 6002 6089 
1603 254 gi|222 12123 12281 
1187 255 gi|222 12174 12236 
1051 264 gi|222 13713 13857 
797 261 gi|222 13728 13866 
1501 373 gi|222 20816 20949 
1247 288 gi|222 20831 20990 
851 429 gi|222 24243 24508 
849 564 gi|222 24260 24505 
1654 284 gi|223 7773 7830 
1656 281 gi|223 7776 7830 
1525 263 gi|224 27980 28110 
1045 584 gi|226 102 605 
939 365 gi|226 128 578 
1393 1192 gi|226 130 685 
641 395 gi|226 223 683 
1169 590 gi|226 237 678 
1605 326 gi|226 355 629 
89 318 gi|226 367 624 
1551 392 gi|226 388 673 
795 341 gi|226 434 633 
1309 462 gi|226 444 678 
1055 280 gi|226 20491 20593 
1658 253 gi|227 14192 14689 
983 571 gi|227 14879 15510 
277 294 gi|227 14898 15525 
1625 1118 gi|227 14900 15668 
1269 914 gi|227 14954 15593 
1325 336 gi|227 15016 15258 
885 612 gi|227 15038 15518 
1 255 gi|227 15058 15381 
1660 580 gi|227 15085 15531 
1323 434 gi|227 15274 15511 
3 262 gi|227 15356 15532 
1293 854 gi|227 21754 22219 
731 805 gi|227 21778 22214 
1405 865 gi|227 21838 22251 
1623 479 gi|227 21838 22212 
467 563 gi|227 21847 22116 
1471 270 gi|229 2090 2161 
1077 382 gi|229 21562 22071 
1075 424 gi|229 22645 23511 
1239 277 gi|230 17231 18292 
1662 418 gi|230 17237 17973 
1664 343 gi|230 18089 18167 
1081 261 gi|230 34715 34906 
881 563 gi|230 37510 38045 
1627 570 gi|230 37513 37973 
1661 580 gi|230 37520 37978 
979 486 gi|230 37520 37978 
1427 287 gi|230 37530 38003 
1271 332 gi|230 37544 37773 
279 263 gi|230 37619 37790 
951 264 gi|230 37706 37886 
191 258 gi|230 38207 38563 
257 273 gi|231 11594 11689 
1399 1426 gi|232 15145 16202 
1666 759 gi|232 19130 19568 
433 597 gi|232 19162 19562 
505 616 gi|232 19162 19539 
1615 635 gi|232 19188 19574 
1409 330 gi|232 19426 19568 
1668 408 gi|232 19831 20549 
421 865 gi|232 19899 20846 
515 1071 gi|232 19901 20868 
1619 1325 gi|232 20122 20981 
1429 300 gi|232 21925 22277 
1283 321 gi|232 22036 22290 
823 295 gi|232 22095 22311 
1670 269 gi|232 22116 22280 
1421 301 gi|232 22515 22600 
495 252 gi|232 25045 25127 
1672 389 gi|233 3278 3339 
453 443 gi|233 3281 3339 
13 283 gi|233 3302 3339 
1674 572 gi|233 3344 3424 
449 555 gi|233 3350 3417 
11 465 gi|233 3371 3424 
1676 332 gi|235 5862 6034 
1678 252 gi|235 9972 10099 
147 421 gi|235 31827 31964 
1680 290 gi|235 31873 31961 
139 299 gi|235 32472 32692 
1161 380 gi|235 32482 32973 
1682 562 gi|235 36133 36450 
1684 401 gi|236 15248 15659 
591 274 gi|237 21836 22058 
531 269 gi|237 21847 22062 
1535 250 gi|237 21889 22057 
1645 265 gi|237 21911 22042 
1365 262 gi|237 21956 22103 
775 364 gi|237 33660 33901 
779 917 gi|237 34545 35085 
1633 456 gi|239 1 62 
965 416 gi|239 19 212 
853 252 gi|239 21754 21963 
585 314 gi|239 21754 21911 
1519 283 gi|239 21767 21989 
1029 301 gi|239 21791 21974 
1641 501 gi|239 22177 22795 
1515 294 gi|239 22663 22778 
1379 295 gi|239 22667 22785 
525 284 gi|239 22667 22779 
1371 360 gi|239 22694 22782 
1597 640 gi|239 38364 38892 
1599 599 gi|239 39127 39527 
1601 276 gi|239 39555 39715 
290 35060 gi|24 1078 6365 
292 267 gi|24 3642 3833 
294 327 gi|24 4802 4974 
296 370 gi|24 4900 4998 
298 258 gi|24 5267 5373 
300 1106 gi|24 5291 6093 
302 428 gi|24 19328 19489 
304 462 gi|24 19334 19510 
306 407 gi|24 19362 19517 
308 453 gi|24 19375 19480 
1686 259 gi|240 7391 7448 
1637 310 gi|240 24254 24394 
1437 260 gi|241 655 730 
1435 468 gi|241 1404 1872 
537 264 gi|241 1529 1827 
1165 252 gi|241 1585 1854 
847 257 gi|241 1657 1868 
243 460 gi|241 29848 30394 
1688 265 gi|241 30007 30333 
603 691 gi|241 30018 30382 
1335 347 gi|241 30032 30428 
609 413 gi|241 30045 30587 
341 386 gi|241 30045 30485 
1455 409 gi|241 30045 30251 
1679 252 gi|241 31700 31823 
1361 384 gi|242 7938 8732 
1690 454 gi|243 8691 8889 
1327 262 gi|243 27926 28009 
1692 252 gi|243 28099 28190 
1687 259 gi|243 28100 28157 
1073 1298 gi|243 37330 38208 
861 470 gi|244 1252 1531 
661 329 gi|244 1267 1701 
207 350 gi|244 1296 1432 
1529 495 gi|244 1336 1619 
1694 418 gi|244 1352 1647 
1507 358 gi|244 1359 1617 
1555 258 gi|244 1363 1516 
1159 299 gi|244 27243 27630 
1696 255 gi|245 16461 16544 
1479 495 gi|246 1 60 
411 284 gi|246 16002 16080 
1289 284 gi|246 16008 16091 
1235 266 gi|246 17010 17450 
1237 669 gi|246 17518 18140 
1698 311 gi|246 17746 17871 
313 627 gi|246 19670 20132 
1663 418 gi|246 24763 25496 
1241 344 gi|246 25385 25694 
1665 343 gi|246 25612 25690 
1700 286 gi|246 33960 34049 
1702 286 gi|246 33988 34069 
1649 331 gi|246 33988 34058 
1003 457 gi|247 1 56 
1693 252 gi|247 2046 2150 
141 429 gi|247 23736 23838 
1681 290 gi|247 24765 24853 
151 323 gi|247 24771 25027 
1607 502 gi|247 33797 33947 
1587 439 gi|247 33813 34006 
501 329 gi|247 33867 33968 
1443 403 gi|247 33868 33971 
309 453 gi|247 33868 33971 
785 262 gi|248 2799 2911 
1643 340 gi|248 19220 19949 
589 260 gi|248 19777 19959 
1369 253 gi|248 19793 19930 
1704 277 gi|249 12242 12330 
1706 302 gi|249 12247 12345 
1263 290 gi|249 15265 15381 
1639 266 gi|249 16857 16966 
310 844 gi|25 552 1332 
312 627 gi|25 3832 4315 
759 503 gi|250 1 61 
1621 495 gi|250 11750 12484 
507 821 gi|250 11762 13204 
425 923 gi|250 12063 13259 
1669 408 gi|250 12063 12799 
187 422 gi|250 12192 12475 
1667 759 gi|250 12816 13253 
1617 532 gi|250 12835 13176 
1708 550 gi|251 1663 1724 
1401 412 gi|252 16373 16687 
1710 1121 gi|252 34658 35642 
1449 1486 gi|252 34775 35541 
1629 1186 gi|252 34801 35577 
229 301 gi|252 34815 35387 
167 837 gi|252 34827 35514 
607 473 gi|252 34831 35508 
337 964 gi|252 34837 35574 
1343 264 gi|252 34873 35150 
1689 265 gi|252 34898 35239 
1331 460 gi|252 34957 35379 
1567 627 gi|253 1 432 
721 566 gi|253 1 62 
1133 268 gi|253 363 496 
1651 1033 gi|253 382 2278 
1119 545 gi|253 768 1936 
1712 1285 gi|253 793 1797 
1109 856 gi|253 817 1912 
1259 2746 gi|253 949 2589 
1143 1003 gi|253 973 1910 
1105 1020 gi|253 1024 1934 
1127 496 gi|253 1067 2469 
1149 442 gi|253 1085 1959 
1261 697 gi|253 4853 5004 
715 311 gi|253 4951 5006 
455 276 gi|254 22880 23219 
1027 269 gi|254 29141 29227 
317 254 gi|255 1355 1468 
315 272 gi|255 2462 2619 
319 277 gi|255 2699 2834 
475 255 gi|256 26771 27025 
1677 332 gi|257 10710 10885 
699 263 gi|257 10735 11007 
1659 253 gi|257 11689 12159 
1691 454 gi|257 29999 30197 
719 3701 gi|258 1 1234 
33 5663 gi|258 102 1417 
1469 335 gi|258 465 619 
35 586 gi|258 1413 1606 
489 4106 gi|258 1593 4085 
37 14257 gi|258 1708 4085 
1419 250 gi|259 2507 3117 
675 342 gi|259 2585 2753 
669 330 gi|259 2833 2997 
1647 321 gi|259 12936 13106 
1703 286 gi|259 13027 13105 
1635 323 gi|259 13031 13106 
1714 313 gi|259 13031 13106 
809 293 gi|259 13033 13106 
451 520 gi|259 21902 21978 
1675 572 gi|259 21904 21985 
1673 389 gi|259 21908 21971 
9 549 gi|259 21932 21993 
314 272 gi|26 249 409 
316 254 gi|26 279 395 
318 277 gi|26 282 418 
320 295 gi|26 32193 32771 
322 257 gi|26 32346 32612 
123 299 gi|26 32485 32608 
324 274 gi|26 32529 32608 
285 283 gi|26 32530 32887 
326 311 gi|26 32539 32792 
503 20023 gi|260 4 4026 
1716 307 gi|260 25869 25978 
1718 338 gi|260 25889 25978 
1720 319 gi|260 25891 25984 
1559 272 gi|260 25892 25985 
1722 319 gi|260 25894 25978 
1724 304 gi|260 25894 25972 
477 341 gi|260 35503 35901 
595 515 gi|261 13897 14199 
1715 313 gi|261 15613 15690 
1701 286 gi|261 15632 15728 
1711 1121 gi|261 22706 23687 
1453 853 gi|261 22764 23409 
1631 894 gi|261 22904 23513 
163 802 gi|261 22922 23568 
329 1103 gi|261 23005 23583 
611 648 gi|261 23006 23540 
241 263 gi|261 23016 23460 
1337 275 gi|261 23016 23401 
741 287 gi|261 23323 23409 
249 257 gi|261 23344 23407 
831 3443 gi|262 2743 3457 
199 26101 gi|262 11980 18604 
1726 20088 gi|262 18584 24699 
1728 745 gi|262 20077 20215 
1730 855 gi|262 20359 20525 
701 250 gi|262 31111 31241 
1495 434 gi|262 32023 32152 
1497 959 gi|262 32023 32152 
1499 900 gi|262 32034 32152 
1709 550 gi|263 323 384 
959 513 gi|264 21636 22250 
1732 292 gi|264 34198 34253 
1157 399 gi|264 37652 37922 
1101 690 gi|264 38432 39842 
1653 923 gi|264 38453 40078 
1117 263 gi|264 38555 39937 
1131 479 gi|264 38606 39830 
1145 654 gi|264 38761 39830 
1713 1285 gi|264 38773 39735 
1257 1173 gi|264 38815 40309 
1115 659 gi|264 38826 39842 
1153 657 gi|264 39017 39654 
1553 256 gi|265 20799 20926 
1521 302 gi|265 31953 32211 
1359 435 gi|265 31975 32412 
1705 277 gi|266 4897 4983 
1734 250 gi|266 4900 4974 
1483 261 gi|267 24650 24900 
1481 259 gi|267 25410 25963 
1579 583 gi|267 30857 31164 
1571 1256 gi|267 30997 31163 
1575 533 gi|267 31008 31115 
1583 674 gi|267 31024 31164 
1581 480 gi|267 31433 31572 
1573 1200 gi|267 31433 31571 
1585 674 gi|267 31433 31568 
1577 399 gi|267 31433 31523 
1417 269 gi|269 40463 40746 
1415 278 gi|269 40914 41345 
328 1103 gi|27 916 1495 
330 1119 gi|27 924 1700 
332 927 gi|27 962 1648 
334 277 gi|27 965 1704 
231 360 gi|27 989 1536 
336 964 gi|27 992 1732 
171 938 gi|27 1006 1853 
338 336 gi|27 1058 1545 
340 386 gi|27 1097 1546 
342 252 gi|27 1099 1153 
344 271 gi|27 17596 17888 
346 366 gi|27 18113 18263 
348 328 gi|27 18137 18249 
350 253 gi|27 18225 18303 
1727 20088 gi|270 99 6248 
1729 745 gi|270 4406 4544 
1731 855 gi|270 4647 4820 
1021 283 gi|271 2414 2889 
1609 259 gi|271 38478 38570 
1697 255 gi|271 38536 38609 
1736 258 gi|272 5737 5867 
1738 284 gi|272 26872 26981 
687 280 gi|272 27093 27231 
571 309 gi|272 27094 27217 
1473 294 gi|272 27161 27217 
487 1118 gi|272 39346 39640 
41 252 gi|272 39362 39437 
1071 1945 gi|273 17735 18018 
1611 321 gi|274 14512 14693 
1329 263 gi|274 20106 20221 
1503 264 gi|275 33015 33059 
519 515 gi|277 3612 4005 
615 543 gi|277 3647 3964 
911 281 gi|277 3660 3822 
559 294 gi|277 9443 9834 
819 316 gi|277 9450 9806 
833 336 gi|277 9457 9803 
1739 284 gi|277 9480 9586 
1733 292 gi|277 12210 12265 
1595 342 gi|277 12539 12678 
855 356 gi|277 25625 25951 
1695 418 gi|277 25708 26003 
663 381 gi|277 25715 26043 
1527 528 gi|277 25732 25996 
1683 562 gi|277 25734 26044 
1509 334 gi|277 25835 25996 
459 316 gi|278 8433 8716 
907 295 gi|279 4522 4734 
1095 429 gi|279 39398 39488 
1735 250 gi|279 39401 39486 
1707 302 gi|279 39402 39508 
1489 307 gi|279 39405 39488 
1385 365 gi|280 39128 39273 
1183 311 gi|280 39162 39283 
633 277 gi|280 39168 39280 
1545 332 gi|280 39170 39273 
969 266 gi|280 39224 39291 
937 454 gi|280 39606 39868 
1549 271 gi|280 39760 39995 
1685 401 gi|282 24248 24659 
193 282 gi|282 27152 27370 
253 286 gi|282 36994 37202 
1517 271 gi|282 37060 37170 
1531 462 gi|282 37474 37724 
631 262 gi|284 6640 6703 
1737 258 gi|285 8582 8712 
1251 250 gi|285 8600 8717 
1243 625 gi|285 22875 23226 
1699 311 gi|285 27300 27425 
1657 281 gi|286 1 55 
1655 284 gi|286 25 85 
1671 269 gi|286 2364 2560 
743 305 gi|286 27498 27766 
1017 843 gi|287 12 165 
61 251 gi|287 44 107 
1019 1004 gi|287 217 384 
1721 319 gi|287 219 312 
1719 338 gi|287 219 302 
63 251 gi|287 263 326 
1563 270 gi|287 395 487 
1079 257 gi|287 416 534 
1015 1257 gi|287 422 615 
1561 263 gi|287 422 551 
1717 307 gi|287 426 541 
1723 319 gi|287 474 552 
1011 1262 gi|287 523 792 
1725 304 gi|287 651 729 
1013 597 gi|287 700 897 
443 552 gi|288 1 62 
352 297 gi|29 203 319 
354 312 gi|29 211 316 
356 395 gi|29 213 326 
358 319 gi|29 213 321 
360 276 gi|29 213 319 
362 286 gi|29 234 320 
364 308 gi|29 246 308 
366 371 gi|29 249 673 
368 324 gi|29 464 612 
370 295 gi|29 865 1015 
372 272 gi|29 918 1015 
374 357 gi|29 1872 2153 
376 403 gi|29 1898 2230 
378 297 gi|29 1899 2153 
380 369 gi|29 1931 2188 
382 319 gi|29 1943 2507 
384 431 gi|29 1945 2507 
386 464 gi|29 1960 2366 
388 267 gi|29 2010 2153 
390 552 gi|29 2017 2511 
392 300 gi|29 2396 2507 
394 319 gi|29 2398 2513 
396 296 gi|29 2413 2507 
398 261 gi|29 2418 2507 
400 398 gi|29 2451 2725 
404 270 gi|29 2451 2524 
402 304 gi|29 2451 2507 
406 2473 gi|29 30875 31410 
408 389 gi|29 30922 31276 
410 284 gi|29 32088 32166 
412 465 gi|29 32090 32168 
414 298 gi|29 35059 35517 
75 256 gi|31 2684 2740 
273 263 gi|31 30170 30467 
416 6331 gi|32 30927 31895 
418 31948 gi|32 32916 40375 
420 865 gi|32 33453 34418 
422 1148 gi|32 33635 35000 
424 923 gi|32 33750 34962 
426 362 gi|32 33821 34082 
183 271 gi|32 33830 33958 
428 320 gi|32 34424 34902 
430 357 gi|32 34442 34786 
432 597 gi|32 34525 34921 
434 400 gi|33 5932 6187 
436 349 gi|33 13335 13600 
438 280 gi|33 13353 13420 
440 658 gi|33 38193 38962 
442 552 gi|34 1885 1946 
444 262 gi|35 93 163 
446 372 gi|35 1247 1338 
450 520 gi|36 1 76 
448 555 gi|36 1 68 
15 408 gi|36 1 47 
452 443 gi|36 8 68 
454 276 gi|36 10498 10835 
456 391 gi|36 20755 21033 
458 316 gi|36 29007 29260 
460 941 gi|36 31689 32207 
462 773 gi|36 31752 32091 
464 682 gi|36 31757 32264 
466 563 gi|36 31829 32095 
468 511 gi|36 31843 32259 
470 267 gi|36 34301 34518 
472 268 gi|36 38661 38860 
474 255 gi|36 39551 39808 
476 341 gi|38 11355 11759 
478 948 gi|39 4 550 
59 867 gi|39 4 320 
49 1987 gi|39 5 644 
47 457 gi|39 13 454 
57 769 gi|39 299 628 
480 1079 gi|39 299 622 
53 629 gi|39 308 592 
482 288 gi|39 695 752 
484 1783 gi|39 2346 2636 
39 8424 gi|39 4163 8087 
486 1118 gi|39 4216 4511 
488 4106 gi|39 5866 8294 
20 1166 gi|4 1 148 
22 967 gi|4 36 265 
24 394 gi|4 77 577 
26 447 gi|4 87 206 
28 280 gi|4 244 397 
30 3606 gi|4 11008 12211 
32 5663 gi|4 11114 12387 
34 586 gi|4 12213 12398 
36 14257 gi|4 12292 14662 
38 8424 gi|4 12364 16385 
40 252 gi|4 16106 16190 
42 252 gi|4 17012 17060 
44 602 gi|4 17752 18195 
46 457 gi|4 17759 18167 
48 1987 gi|4 17848 18442 
50 782 gi|4 18131 18467 
52 629 gi|4 18151 18421 
54 2714 gi|4 18579 19402 
56 769 gi|4 18728 19062 
58 867 gi|4 18761 19070 
60 251 gi|4 19048 19117 
62 251 gi|4 19048 19117 
64 376 gi|4 19337 19447 
66 787 gi|4 19394 19604 
490 313 gi|40 15732 15865 
492 354 gi|40 15748 15872 
494 252 gi|40 34920 35002 
496 516 gi|41 1 55 
498 277 gi|41 22008 22242 
500 329 gi|41 26628 26732 
502 20023 gi|42 8 4007 
419 31948 gi|42 4003 11467 
504 616 gi|42 9461 9835 
506 821 gi|42 9477 10934 
508 313 gi|42 9480 9875 
510 1257 gi|42 9487 10938 
512 389 gi|42 9597 9941 
514 1071 gi|42 9967 10953 
516 329 gi|42 10301 10561 
185 280 gi|42 10421 10504 
518 515 gi|44 3783 4173 
520 334 gi|44 3868 4013 
522 369 gi|44 3874 4122 
524 284 gi|44 20563 20676 
526 282 gi|44 20852 20891 
528 291 gi|44 21235 21558 
530 269 gi|44 21317 21538 
532 535 gi|45 5077 5513 
534 305 gi|46 3496 3547 
536 264 gi|46 10893 11188 
538 312 gi|46 10980 11130 
542 286 gi|46 10991 11171 
540 266 gi|46 10991 11143 
544 254 gi|47 10960 11002 
181 263 gi|47 11033 11117 
493 354 gi|47 21575 21701 
546 2546 gi|48 1 311 
548 250 gi|48 1 100 
550 427 gi|48 222 310 
552 328 gi|48 342 409 
554 329 gi|48 342 405 
556 564 gi|48 12346 12931 
558 294 gi|48 12614 13006 
560 365 gi|48 12631 12993 
562 299 gi|48 12666 12764 
564 575 gi|48 12675 12991 
566 269 gi|48 12681 12988 
568 259 gi|48 12681 12765 
570 309 gi|48 12786 12909 
572 325 gi|48 12804 12909 
574 254 gi|48 12868 12925 
576 271 gi|48 25206 25315 
409 389 gi|48 27353 27707 
578 379 gi|48 27353 27707 
580 308 gi|48 33906 34074 
582 311 gi|48 33908 34074 
529 291 gi|48 33923 34246 
584 314 gi|48 33932 34089 
586 274 gi|48 33945 34098 
588 260 gi|48 33948 34124 
590 274 gi|48 33953 34172 
592 419 gi|48 33965 34114 
594 515 gi|48 44026 44328 
235 306 gi|48 46660 47186 
596 256 gi|48 46674 46886 
598 434 gi|48 46684 47164 
600 296 gi|48 46699 46885 
602 691 gi|48 46711 47093 
335 277 gi|48 47260 48011 
604 325 gi|48 47315 47983 
606 473 gi|48 47317 47987 
608 413 gi|48 47334 47876 
245 252 gi|48 47362 47609 
233 559 gi|48 47475 48001 
610 648 gi|48 47487 48015 
157 268 gi|48 47815 47915 
175 368 gi|48 47817 47950 
612 274 gi|48 47836 48014 
614 543 gi|49 11883 12197 
616 296 gi|49 11917 12104 
523 369 gi|49 11936 12184 
68 571 gi|5 1 61 
70 504 gi|5 4532 4585 
618 649 gi|50 2 322 
620 420 gi|50 9784 9858 
622 254 gi|50 10608 10674 
624 439 gi|50 10611 10701 
626 297 gi|50 16369 16426 
415 298 gi|50 18047 18472 
628 272 gi|50 20584 20688 
161 263 gi|50 20588 20667 
630 262 gi|50 20629 20691 
632 277 gi|50 24522 24632 
634 368 gi|50 24523 24710 
636 284 gi|50 24576 24731 
638 326 gi|50 24582 24758 
640 395 gi|50 25568 26027 
642 680 gi|50 25599 25929 
644 504 gi|50 25701 26107 
646 543 gi|50 25756 25935 
648 346 gi|50 25775 26035 
650 470 gi|50 25776 26072 
652 271 gi|50 25799 26040 
291 35060 gi|51 1 5274 
295 327 gi|51 1815 1988 
654 381 gi|51 2551 2742 
656 377 gi|51 3806 3907 
658 925 gi|51 4017 5002 
660 329 gi|52 2326 2764 
662 381 gi|52 2386 2718 
664 286 gi|52 2495 2614 
666 339 gi|52 2500 2671 
668 330 gi|52 5035 5199 
670 290 gi|52 5046 5199 
672 329 gi|52 5311 5496 
674 342 gi|52 5342 5509 
676 285 gi|52 20417 20503 
678 461 gi|53 8218 8584 
680 278 gi|53 27757 27827 
682 289 gi|54 16140 16723 
684 575 gi|54 16146 16889 
217 316 gi|54 16148 16214 
686 280 gi|54 16433 16564 
573 325 gi|54 16438 16543 
688 311 gi|54 16452 16552 
690 428 gi|54 16599 17098 
677 285 gi|54 16637 16727 
209 257 gi|54 18246 18364 
692 255 gi|54 18251 18339 
694 308 gi|54 18333 18503 
696 287 gi|54 32313 32478 
698 263 gi|54 34040 34294 
700 250 gi|55 5017 5138 
702 627 gi|55 13738 14389 
704 2427 gi|56 2234 2794 
706 274 gi|56 7138 7269 
708 427 gi|57 1335 1521 
710 376 gi|57 1418 1521 
712 296 gi|57 1418 1486 
714 311 gi|57 1433 1488 
716 265 gi|57 1457 1513 
103 549 gi|57 1463 1521 
31 3606 gi|58 1 1202 
718 3701 gi|58 1 1191 
720 566 gi|59 1 62 
722 566 gi|59 1 62 
724 2502 gi|59 51 957 
728 265 gi|59 51 662 
726 373 gi|59 51 353 
107 397 gi|59 906 959 
545 254 gi|60 4031 4073 
465 682 gi|60 39333 39840 
730 805 gi|60 39401 39837 
732 541 gi|60 39506 39851 
734 722 gi|60 39523 39805 
736 871 gi|60 39524 39924 
738 347 gi|61 533 958 
740 287 gi|61 552 648 
601 296 gi|61 730 913 
577 271 gi|61 36102 36210 
742 305 gi|62 29218 29487 
744 358 gi|62 29272 29415 
619 649 gi|62 29417 29739 
25 394 gi|62 32663 33125 
29 280 gi|62 32922 33055 
27 447 gi|62 33048 33169 
23 967 gi|62 33113 33325 
21 1166 gi|62 33233 33380 
746 1842 gi|63 4330 5071 
748 521 gi|63 4366 4773 
750 1318 gi|63 4377 4900 
752 908 gi|63 4397 5006 
754 486 gi|63 4895 5137 
756 253 gi|63 40230 40273 
758 503 gi|64 3302 3362 
760 261 gi|65 1472 1702 
762 285 gi|65 1480 1774 
764 312 gi|65 1502 1705 
766 260 gi|65 9813 10137 
693 255 gi|65 9911 9999 
569 259 gi|65 9927 10004 
768 268 gi|65 29433 29579 
770 1312 gi|67 21670 21923 
772 1442 gi|67 21673 21921 
774 364 gi|68 22978 23219 
776 318 gi|68 23072 23225 
778 917 gi|68 23612 24116 
72 375 gi|7 31939 32034 
780 346 gi|70 3957 4017 
782 256 gi|70 7155 7255 
771 1312 gi|71 6164 6420 
773 1442 gi|71 6395 6645 
784 262 gi|71 6537 6646 
786 1442 gi|72 14 169 
788 255 gi|73 36668 36793 
83 562 gi|73 38072 38359 
790 337 gi|73 38109 38386 
792 279 gi|73 38119 38292 
794 341 gi|73 38133 38339 
796 261 gi|73 38166 38304 
798 285 gi|73 38217 38433 
800 566 gi|74 1 61 
802 819 gi|74 20326 20675 
131 654 gi|74 20432 20782 
804 660 gi|74 20437 20757 
806 504 gi|74 20467 20672 
808 293 gi|74 29773 29845 
810 757 gi|75 34987 35547 
219 317 gi|75 34990 35058 
685 575 gi|75 34991 35692 
812 254 gi|75 34993 35074 
814 764 gi|75 35021 35731 
816 297 gi|75 35185 35605 
818 316 gi|75 35189 35545 
820 289 gi|75 35208 35305 
557 564 gi|75 35240 35819 
822 295 gi|75 35245 35461 
824 260 gi|75 35271 35540 
826 304 gi|75 35333 35489 
287 268 gi|75 35336 35481 
828 302 gi|75 35637 36014 
830 3443 gi|76 5 733 
825 260 gi|77 830 1100 
832 336 gi|77 832 1182 
834 314 gi|77 10315 10623 
543 286 gi|77 10384 10579 
836 250 gi|78 4424 4604 
499 277 gi|78 4506 4740 
838 699 gi|78 20632 21737 
840 611 gi|78 25460 25862 
842 301 gi|78 26252 26357 
844 335 gi|78 27165 27438 
846 257 gi|78 30770 30989 
848 564 gi|79 2585 2830 
850 429 gi|79 5402 5668 
74 256 gi|8 13309 13360 
76 259 gi|8 28478 28778 
78 323 gi|8 28545 28789 
80 330 gi|8 28558 28784 
82 562 gi|8 28567 28857 
84 322 gi|8 28588 28790 
86 307 gi|8 28590 28855 
88 318 gi|8 28596 28853 
90 261 gi|8 30022 30074 
92 346 gi|8 36970 37225 
94 284 gi|8 37049 37182 
96 305 gi|8 37358 37667 
852 252 gi|80 26043 26252 
854 356 gi|80 29757 30083 
203 328 gi|80 29760 30083 
856 698 gi|80 29761 30158 
858 328 gi|80 29847 30138 
860 470 gi|80 29956 30235 
862 281 gi|80 30160 30230 
864 435 gi|81 306 1819 
866 422 gi|81 327 583 
868 254 gi|81 328 505 
105 457 gi|81 1137 1780 
870 415 gi|81 1151 1798 
717 265 gi|81 1730 1786 
872 417 gi|81 2719 2764 
874 418 gi|83 14379 14598 
876 999 gi|84 3945 4080 
878 1912 gi|85 3935 5134 
321 295 gi|85 3936 4514 
880 563 gi|85 4055 4575 
882 578 gi|85 4058 4497 
275 319 gi|85 4059 4554 
884 612 gi|85 4072 4549 
886 590 gi|85 4080 4652 
888 392 gi|85 4161 4628 
890 266 gi|85 4271 4354 
892 410 gi|85 4394 4615 
491 313 gi|85 4401 4528 
894 295 gi|86 1 43 
896 559 gi|86 8447 9129 
898 348 gi|86 8465 9145 
900 799 gi|86 8476 9154 
753 908 gi|86 8546 9156 
902 448 gi|86 8678 9156 
473 268 gi|86 8864 9052 
904 435 gi|86 13522 13738 
906 295 gi|86 13566 13792 
71 504 gi|87 1 54 
908 574 gi|88 11251 11541 
617 296 gi|88 11338 11525 
910 281 gi|88 11386 11546 
533 535 gi|88 22571 23007 
912 344 gi|88 22620 22808 
299 258 gi|88 26080 26184 
914 567 gi|89 1 60 
916 476 gi|89 15422 15948 
918 587 gi|89 17595 18034 
920 256 gi|89 17669 17887 
922 265 gi|89 17700 17854 
705 2427 gi|90 11 574 
347 366 gi|91 6025 6175 
345 271 gi|91 6481 6770 
924 271 gi|91 13414 13614 
926 261 gi|91 15615 15708 
928 1283 gi|92 18110 19765 
930 311 gi|92 18211 19494 
637 284 gi|92 18267 18422 
932 251 gi|92 18269 18324 
934 252 gi|92 18278 19097 
936 454 gi|92 18498 18760 
938 365 gi|92 19056 19494 
940 555 gi|92 19199 19500 
942 267 gi|92 19214 19443 
793 279 gi|92 19326 19502 
647 543 gi|92 19327 19506 
944 275 gi|93 24474 24585 
946 315 gi|94 4164 4251 
948 254 gi|94 4202 4254 
950 264 gi|94 7425 7608 
325 274 gi|94 7461 7549 
827 304 gi|94 7462 7630 
952 338 gi|94 7464 7631 
289 258 gi|94 7470 7608 
954 560 gi|94 35150 35211 
956 283 gi|95 1330 1560 
958 513 gi|95 3369 3992 
960 4046 gi|95 9799 11617 
962 2216 gi|95 9916 11522 
913 344 gi|97 25169 25350 
964 416 gi|99 5830 6035 
966 1090 gi|99 5971 6959 
