0 6422 gi|1 1537 2687 
422 670 gi|10 1 185 
424 494 gi|10 8 123 
426 454 gi|10 39 207 
428 385 gi|10 1514 1960 
430 341 gi|10 2081 2384 
432 460 gi|10 9857 10438 
434 971 gi|10 9875 10432 
436 1410 gi|10 9914 10497 
438 1008 gi|10 9930 10432 
440 691 gi|10 9994 10438 
442 463 gi|10 10101 10434 
444 309 gi|10 10185 10496 
863 352 gi|100 533 604 
1659 304 gi|100 534 605 
1123 614 gi|100 976 2397 
2097 300 gi|100 2298 2459 
2142 323 gi|100 2304 2461 
389 280 gi|100 2337 2487 
2144 254 gi|100 3401 3559 
1945 408 gi|100 6494 7296 
1021 258 gi|100 6588 7298 
1043 344 gi|100 6685 7352 
1865 251 gi|100 6782 7100 
247 352 gi|100 6803 7103 
983 288 gi|100 6835 7352 
393 301 gi|100 6891 7365 
11 794 gi|100 10858 12009 
1549 582 gi|100 10871 12002 
361 1078 gi|100 10871 11987 
1497 370 gi|100 10986 12032 
2146 435 gi|100 11073 12033 
2103 253 gi|100 11130 12019 
2148 457 gi|100 11238 12031 
2137 341 gi|100 14363 16033 
1885 554 gi|100 14486 14895 
1811 302 gi|100 14490 16611 
1963 892 gi|100 14623 16657 
1061 1160 gi|100 16783 18045 
411 304 gi|100 16877 17090 
301 259 gi|100 17562 17658 
2150 263 gi|100 22988 23081 
1903 254 gi|100 24968 25056 
1803 264 gi|100 29392 29446 
2131 1167 gi|100 31323 31669 
2109 1190 gi|101 7139 7265 
1129 280 gi|102 1113 1246 
985 309 gi|102 1132 1600 
1145 323 gi|102 1187 1280 
1849 282 gi|102 1193 1283 
2164 264 gi|102 1420 1731 
719 277 gi|102 1479 1569 
2166 262 gi|102 1485 1760 
1991 289 gi|102 5001 5425 
1995 293 gi|102 5082 5430 
1999 256 gi|102 5123 5520 
855 257 gi|102 5213 5359 
1997 289 gi|102 5227 5579 
1993 309 gi|102 5246 5499 
1989 304 gi|102 5391 5535 
1599 253 gi|102 7473 7589 
1489 251 gi|102 10317 10469 
797 1964 gi|103 1 279 
1987 258 gi|103 10213 10339 
965 1075 gi|104 1 142 
1059 816 gi|104 29 125 
73 300 gi|104 96 146 
1477 259 gi|104 1694 1775 
355 314 gi|104 3497 3645 
1641 304 gi|104 3571 3702 
2168 259 gi|104 7287 7392 
2170 1211 gi|104 8045 8569 
2172 256 gi|104 8291 8523 
1929 327 gi|104 8966 9117 
2174 995 gi|104 11155 11285 
285 291 gi|105 24 289 
991 397 gi|105 176 322 
1011 281 gi|105 196 285 
2176 252 gi|105 236 314 
1603 288 gi|105 238 475 
2178 276 gi|105 2447 2534 
1307 265 gi|105 2456 2557 
1751 267 gi|105 2693 2845 
2067 484 gi|105 3256 4028 
1809 269 gi|105 6643 7661 
2125 259 gi|105 7235 7668 
1111 1987 gi|105 7892 8129 
1393 251 gi|106 1 46 
641 1443 gi|106 62 1334 
643 504 gi|106 1574 2112 
925 270 gi|106 2542 3210 
2087 499 gi|106 2801 3342 
43 385 gi|106 4032 4249 
2180 267 gi|106 4231 4982 
1355 301 gi|106 4389 4872 
2182 253 gi|106 4941 5078 
2184 260 gi|106 13417 13504 
957 258 gi|106 21284 21633 
2133 648 gi|106 21320 21871 
1901 273 gi|106 23077 23233 
2186 256 gi|106 30809 31408 
2188 276 gi|106 30811 31211 
2039 363 gi|106 30820 31295 
995 268 gi|106 30829 30894 
215 409 gi|106 30998 31471 
277 541 gi|106 31080 32229 
1925 251 gi|106 31109 31299 
775 268 gi|106 31113 31208 
279 298 gi|106 31114 31373 
569 292 gi|106 31129 31295 
291 430 gi|106 31943 32301 
151 316 gi|106 38820 39083 
1813 277 gi|107 2249 2372 
1947 299 gi|107 4806 4955 
2159 343 gi|107 12186 12956 
2153 301 gi|107 12559 12821 
2155 358 gi|107 12562 12723 
1667 803 gi|107 12577 12806 
2081 295 gi|107 12577 12722 
1177 336 gi|107 12664 12799 
1731 254 gi|107 12666 12721 
2079 310 gi|107 12735 12994 
2115 289 gi|107 12848 12937 
2161 721 gi|107 12848 12924 
1181 728 gi|107 12849 12956 
1015 257 gi|107 15622 15763 
785 281 gi|107 15628 15708 
1835 259 gi|107 19781 19853 
2107 269 gi|107 20303 20398 
1391 253 gi|107 23717 23975 
2021 260 gi|107 27110 27274 
1399 259 gi|107 31045 31299 
2190 263 gi|107 31642 31932 
2192 252 gi|107 32109 32249 
1543 393 gi|107 40163 40564 
2194 409 gi|107 40222 40464 
2196 254 gi|107 41548 41625 
1305 250 gi|108 181 288 
2179 276 gi|108 195 288 
1 6422 gi|109 1 1150 
2185 260 gi|109 8506 8597 
1053 259 gi|109 9904 10067 
2011 252 gi|109 10433 10517 
515 682 gi|109 14000 15460 
1645 744 gi|109 20158 20632 
2001 289 gi|109 24136 24288 
2183 253 gi|109 25391 25541 
947 758 gi|109 26036 26808 
2198 934 gi|109 26086 27467 
945 441 gi|109 26774 27515 
446 1012 gi|11 988 2355 
448 285 gi|11 1939 2054 
450 800 gi|11 2902 3648 
181 3904 gi|11 2904 4731 
452 1129 gi|11 2919 3994 
454 977 gi|11 2930 3616 
456 651 gi|11 2931 3532 
458 1420 gi|11 2946 3656 
460 612 gi|11 2953 3640 
462 931 gi|11 2957 3587 
173 338 gi|11 2961 3532 
464 471 gi|11 2961 3400 
466 261 gi|11 2966 3043 
468 1178 gi|11 2999 3736 
470 900 gi|11 3085 3618 
472 282 gi|11 3106 3587 
474 296 gi|11 3114 3598 
476 596 gi|11 3181 3637 
478 1306 gi|11 4271 6404 
480 981 gi|11 4816 6451 
139 3266 gi|11 4823 6573 
482 415 gi|11 4830 5144 
484 415 gi|11 4860 5506 
486 567 gi|11 4865 5496 
205 283 gi|11 4867 5509 
488 350 gi|11 4868 5639 
490 735 gi|11 4869 5577 
494 523 gi|11 4869 5464 
492 496 gi|11 4869 5398 
496 258 gi|11 4869 5128 
498 492 gi|11 4872 5946 
502 704 gi|11 4875 6150 
500 258 gi|11 4875 4949 
504 286 gi|11 5034 5136 
506 288 gi|11 5046 5128 
508 907 gi|11 5054 6143 
510 268 gi|11 5818 5984 
512 256 gi|11 6649 6887 
514 682 gi|11 10817 12317 
516 257 gi|11 11201 11289 
518 301 gi|11 15161 15252 
1545 270 gi|110 10897 11221 
1287 297 gi|110 10906 11206 
1293 261 gi|110 13075 13166 
1481 293 gi|110 17195 17565 
1881 251 gi|110 17288 17462 
901 286 gi|110 17327 17922 
407 252 gi|110 21250 21562 
2069 328 gi|110 21446 21946 
1907 251 gi|111 2041 2109 
2197 254 gi|111 4763 4833 
1397 257 gi|111 10887 11050 
1103 357 gi|111 11714 12297 
1563 927 gi|111 26334 26620 
1567 731 gi|111 26334 26615 
1565 1670 gi|111 26335 26629 
1569 340 gi|111 26346 26481 
1557 1762 gi|111 26381 26629 
1561 430 gi|111 26477 26620 
1559 467 gi|111 26567 26629 
2200 428 gi|111 26628 26694 
2031 253 gi|112 17942 18581 
695 341 gi|112 17951 18565 
225 275 gi|112 17973 18602 
553 318 gi|112 18027 18587 
731 304 gi|112 18159 18613 
2202 320 gi|112 18260 18587 
1441 340 gi|112 18312 18559 
2167 262 gi|112 18324 18602 
57 274 gi|112 18333 18602 
845 251 gi|112 18343 18469 
747 414 gi|112 18639 19272 
2204 302 gi|112 18717 19273 
711 286 gi|112 18776 19324 
535 492 gi|112 18777 19401 
1361 327 gi|112 18782 19423 
1045 366 gi|112 18782 19402 
1863 279 gi|112 18782 19392 
1101 366 gi|112 18842 19413 
2027 338 gi|112 18875 19433 
1555 335 gi|112 19015 19384 
2165 264 gi|112 19080 19400 
395 261 gi|112 19168 19260 
997 301 gi|112 26468 26845 
971 762 gi|112 26499 27127 
2029 339 gi|112 26512 27145 
549 296 gi|112 26528 27103 
755 593 gi|112 26673 27111 
2095 265 gi|112 26689 27120 
2189 276 gi|112 26700 27148 
1921 250 gi|112 26700 27110 
2143 323 gi|112 27033 27181 
239 250 gi|112 29128 29414 
1001 416 gi|112 29129 29365 
1913 267 gi|112 29148 29378 
979 266 gi|112 29154 29370 
2206 266 gi|112 29159 29400 
1985 302 gi|113 175 503 
1753 5978 gi|113 342 1159 
91 2167 gi|113 936 1206 
87 2117 gi|113 1190 1443 
2191 263 gi|113 4255 4533 
2181 267 gi|113 11036 11755 
2093 259 gi|113 12157 12309 
1799 378 gi|113 18006 19140 
2099 250 gi|113 19551 19668 
1801 417 gi|113 19611 20015 
1879 271 gi|113 19619 19854 
1019 255 gi|113 20163 20286 
263 3120 gi|113 22521 22918 
1681 658 gi|113 22521 22834 
841 452 gi|113 22521 22606 
2013 289 gi|113 22787 22834 
927 267 gi|114 7081 7172 
961 483 gi|114 11471 11738 
1967 575 gi|114 12128 13209 
1839 1352 gi|114 12304 13495 
573 2326 gi|114 12404 15541 
1821 1743 gi|114 12978 15053 
895 398 gi|114 12981 13117 
2208 420 gi|114 12994 13206 
887 554 gi|114 13594 14148 
1973 995 gi|114 13622 14593 
2210 1415 gi|114 13706 15340 
1315 331 gi|114 13722 13805 
1741 927 gi|114 13745 15537 
1847 251 gi|114 13745 13797 
881 370 gi|114 14743 15101 
1977 1012 gi|114 14761 15551 
2045 591 gi|114 15084 15538 
2105 420 gi|114 15889 16124 
1859 303 gi|114 19910 20322 
2025 971 gi|114 19916 20578 
533 769 gi|114 19931 20643 
1695 398 gi|114 19958 20615 
2203 320 gi|114 19958 20288 
973 265 gi|114 19965 20225 
235 811 gi|114 19975 20538 
2212 465 gi|114 19996 20586 
2214 291 gi|114 20041 20569 
1917 270 gi|114 20046 20629 
1435 278 gi|114 20053 20588 
1359 348 gi|114 20108 20583 
715 304 gi|114 20111 20539 
1525 274 gi|114 20128 20533 
765 274 gi|114 20128 20533 
1727 355 gi|114 20130 20528 
1611 320 gi|114 20149 20595 
897 260 gi|114 31426 31524 
1031 250 gi|115 12040 12128 
2085 468 gi|117 6981 7744 
65 315 gi|117 7208 7663 
2193 252 gi|117 11368 11526 
2216 255 gi|117 14565 14662 
1855 512 gi|117 14791 16136 
1687 334 gi|117 14797 14940 
1691 7535 gi|117 18269 22134 
1689 310 gi|117 18273 18584 
1857 6577 gi|117 18312 22165 
1161 272 gi|117 20256 20330 
1613 284 gi|117 20258 20429 
2177 252 gi|117 20260 20341 
1861 633 gi|117 20276 20978 
1723 623 gi|117 20299 21071 
1923 273 gi|117 20573 20755 
557 253 gi|117 20583 20776 
705 277 gi|117 20599 20875 
443 463 gi|117 20658 20996 
2218 328 gi|117 20678 20876 
2205 302 gi|117 21222 21799 
739 294 gi|117 21278 21853 
679 293 gi|117 21293 21768 
2220 324 gi|117 21305 21768 
2215 291 gi|117 21314 21857 
1701 1115 gi|117 21329 22101 
1871 1021 gi|117 21329 22093 
555 355 gi|117 21349 21777 
717 309 gi|117 21350 21771 
2041 283 gi|117 21415 21769 
1911 266 gi|117 21607 21779 
439 1008 gi|117 21660 22165 
1779 260 gi|117 27579 27775 
2163 265 gi|118 2135 2273 
1665 252 gi|118 2208 2285 
1891 307 gi|118 2208 2284 
2077 315 gi|118 2209 2285 
865 270 gi|118 2217 2272 
2222 258 gi|118 5644 5724 
2141 388 gi|118 7987 8407 
1763 252 gi|118 10506 10635 
2145 254 gi|118 23663 23828 
1273 352 gi|118 26060 26163 
1269 313 gi|118 26088 26164 
1265 320 gi|118 26107 26164 
1943 326 gi|118 26107 26164 
2129 255 gi|118 26358 26447 
963 978 gi|119 7719 7995 
520 669 gi|12 1 119 
522 336 gi|12 481 618 
524 273 gi|12 7841 8435 
526 256 gi|12 13146 13458 
528 312 gi|12 13498 14239 
530 1697 gi|12 13716 14456 
532 769 gi|12 13733 14428 
534 492 gi|12 13772 14390 
536 394 gi|12 13772 14237 
219 1377 gi|12 13779 14434 
538 420 gi|12 13779 14261 
542 319 gi|12 13800 14346 
540 254 gi|12 13800 14243 
544 440 gi|12 13803 14329 
546 702 gi|12 13805 14368 
548 296 gi|12 13810 14394 
550 303 gi|12 13831 14234 
552 318 gi|12 13840 14403 
554 355 gi|12 13845 14243 
556 253 gi|12 14052 14243 
558 365 gi|12 14088 14243 
560 271 gi|12 14127 14234 
562 325 gi|12 14137 14313 
566 299 gi|12 14140 14395 
568 292 gi|12 14140 14315 
564 320 gi|12 14140 14258 
2175 995 gi|120 1 131 
2169 259 gi|120 928 1028 
861 303 gi|120 9356 9466 
1175 285 gi|120 9382 9532 
2157 257 gi|120 9391 9532 
1671 266 gi|120 9396 9532 
1729 267 gi|120 9476 9534 
1669 262 gi|120 9476 9532 
955 270 gi|120 10423 10517 
2135 267 gi|120 12990 13054 
71 1162 gi|121 1 142 
2151 263 gi|121 4647 4737 
523 336 gi|121 4681 4809 
81 270 gi|121 8183 8288 
1495 1031 gi|121 10027 11324 
2147 435 gi|121 10031 10979 
15 706 gi|121 10032 10992 
2101 1503 gi|121 10054 11340 
1551 579 gi|121 10058 10745 
363 285 gi|121 10089 11051 
2201 428 gi|121 11714 11781 
1899 252 gi|121 13177 13334 
2149 457 gi|121 16101 16917 
1501 301 gi|121 16152 17031 
1647 2117 gi|122 12 313 
1649 1583 gi|122 323 558 
1851 258 gi|122 13910 14091 
1705 312 gi|122 15370 15948 
233 481 gi|122 15372 15988 
1357 285 gi|122 15374 15999 
2224 316 gi|122 15375 15617 
2037 411 gi|122 15378 15988 
1517 2090 gi|122 15387 16155 
1915 683 gi|122 15388 16091 
2213 465 gi|122 15390 15965 
547 702 gi|122 15390 15952 
707 971 gi|122 15418 16032 
1155 356 gi|122 15458 15615 
1905 357 gi|122 15487 15949 
763 353 gi|122 15519 15947 
1717 367 gi|122 15520 15992 
505 286 gi|122 15520 15621 
2221 324 gi|122 15521 15972 
1875 298 gi|122 15521 15617 
1615 302 gi|122 15550 15621 
1529 443 gi|122 16290 16891 
1623 254 gi|122 20201 20283 
2119 1063 gi|123 1 138 
2117 1046 gi|123 69 249 
2121 935 gi|123 179 346 
2123 481 gi|123 287 439 
1429 816 gi|123 2958 4346 
1935 1609 gi|123 2973 3796 
1077 494 gi|123 3011 3710 
451 800 gi|123 3030 3791 
1085 638 gi|123 3054 4699 
1135 890 gi|123 3055 4692 
611 1710 gi|123 3064 4749 
1447 954 gi|123 3072 3768 
199 918 gi|123 3085 3768 
1365 413 gi|123 3092 3673 
167 797 gi|123 3093 3684 
499 492 gi|123 3094 4156 
667 1471 gi|123 3097 4655 
2035 452 gi|123 3111 3654 
2225 316 gi|123 3114 3353 
1933 583 gi|123 3245 3656 
251 342 gi|123 3249 3676 
1721 321 gi|123 3256 3699 
1157 970 gi|123 3257 3779 
769 668 gi|123 3257 3737 
551 303 gi|123 3257 3663 
1601 1201 gi|123 3276 4316 
2047 250 gi|123 3897 4002 
1931 481 gi|123 4086 4600 
185 297 gi|123 4132 4493 
1107 271 gi|123 6596 6820 
2223 258 gi|123 8435 8531 
2171 1211 gi|123 15887 16408 
2173 256 gi|123 16988 17213 
2195 409 gi|123 17993 18229 
943 260 gi|123 18379 19156 
2199 934 gi|123 18404 19794 
949 689 gi|123 19178 19807 
933 261 gi|123 20237 20374 
1639 254 gi|123 20567 20664 
1653 284 gi|123 31550 31657 
85 680 gi|123 32318 32592 
899 382 gi|123 34315 34356 
1831 381 gi|124 687 1160 
1621 258 gi|124 2272 2492 
1369 306 gi|124 2403 2630 
275 640 gi|124 2443 3750 
2207 266 gi|124 2463 2702 
1153 267 gi|124 2490 2713 
2219 328 gi|124 2505 2688 
2187 256 gi|124 3089 3703 
289 386 gi|124 3341 3812 
423 670 gi|125 1 182 
425 494 gi|125 1 113 
427 454 gi|125 38 195 
1939 259 gi|125 623 725 
587 2238 gi|125 1874 3911 
871 2296 gi|125 1903 3903 
1975 1142 gi|125 1911 2830 
1733 2619 gi|125 1918 3719 
2043 852 gi|125 1926 2452 
1321 500 gi|125 1931 2742 
2211 1415 gi|125 2148 3742 
1817 1544 gi|125 2464 5290 
1313 703 gi|125 2960 3825 
1971 1500 gi|125 3030 3888 
1845 286 gi|125 3663 3722 
353 284 gi|125 3771 3920 
2217 255 gi|125 3771 3876 
1815 265 gi|125 3771 3870 
2209 420 gi|125 4197 4405 
1969 482 gi|125 4200 4847 
1841 403 gi|125 4202 4419 
889 593 gi|125 4206 4382 
581 427 gi|125 4277 4406 
570 838 gi|13 447 686 
572 2326 gi|13 2143 5198 
574 4305 gi|13 2196 5227 
576 375 gi|13 2490 2960 
578 592 gi|13 2519 2838 
580 427 gi|13 2714 2844 
582 319 gi|13 2748 2838 
584 1957 gi|13 3234 4684 
586 2238 gi|13 3236 5259 
588 1119 gi|13 3263 5252 
590 332 gi|13 3380 4049 
592 1211 gi|13 3388 5170 
594 328 gi|13 3405 3461 
596 423 gi|13 4595 5306 
598 976 gi|13 4715 5279 
600 304 gi|13 15250 15315 
602 636 gi|13 15518 16303 
604 781 gi|13 15600 16323 
187 524 gi|13 15601 16400 
608 459 gi|13 15603 16272 
606 1061 gi|13 15603 16253 
610 1710 gi|13 15604 17301 
612 721 gi|13 15605 16356 
614 261 gi|13 15609 16874 
616 336 gi|13 15622 15710 
618 826 gi|13 15626 16225 
165 252 gi|13 15628 16247 
493 496 gi|13 15628 16140 
620 325 gi|13 15630 16310 
463 931 gi|13 15631 16258 
567 299 gi|13 15639 15891 
622 477 gi|13 15816 16259 
624 508 gi|13 20497 21603 
626 250 gi|13 22524 22633 
63 380 gi|13 31094 31678 
628 250 gi|13 38448 38911 
630 1490 gi|14 190 449 
83 252 gi|15 1735 1969 
632 393 gi|15 1768 2927 
634 1497 gi|15 4355 5565 
636 257 gi|15 4499 4628 
638 270 gi|15 6195 6300 
640 1443 gi|15 6219 7432 
321 273 gi|15 6394 6674 
642 504 gi|15 7540 8063 
644 1352 gi|15 8373 9224 
345 256 gi|15 11734 12059 
646 289 gi|15 11750 12280 
648 515 gi|15 12864 13759 
650 265 gi|15 13130 13370 
652 328 gi|15 13353 13633 
654 830 gi|15 15472 16281 
656 1672 gi|15 15528 16166 
658 1185 gi|15 15534 16369 
607 1061 gi|15 15542 16195 
189 1604 gi|15 15545 16306 
660 265 gi|15 15550 16148 
662 751 gi|15 15552 16829 
459 1420 gi|15 15556 16277 
491 735 gi|15 15573 16284 
664 564 gi|15 15574 16384 
149 609 gi|15 15577 17092 
666 1471 gi|15 15579 17128 
668 1240 gi|15 15579 16268 
670 389 gi|15 15581 15913 
672 451 gi|15 15595 16244 
674 260 gi|15 15597 15847 
676 345 gi|15 15621 16192 
49 265 gi|15 15716 15853 
678 293 gi|15 15739 16206 
680 304 gi|15 15740 15835 
682 256 gi|15 15747 16249 
684 975 gi|15 15758 16790 
511 268 gi|15 15772 15956 
686 399 gi|15 15956 16325 
688 318 gi|15 16527 16822 
690 273 gi|15 16549 16955 
183 342 gi|15 16565 17021 
692 265 gi|15 16764 17074 
617 336 gi|15 17374 17462 
467 261 gi|15 17389 17466 
501 258 gi|15 17389 17463 
237 546 gi|16 4029 4648 
694 341 gi|16 4029 4645 
696 457 gi|16 4030 4604 
700 893 gi|16 4034 4666 
698 288 gi|16 4034 4266 
179 267 gi|16 4037 4266 
702 949 gi|16 4041 4601 
704 277 gi|16 4058 4332 
706 971 gi|16 4067 4684 
545 440 gi|16 4073 4606 
708 595 gi|16 4087 4612 
710 286 gi|16 4091 4639 
712 343 gi|16 4115 4756 
714 304 gi|16 4157 4585 
716 309 gi|16 4170 4578 
718 277 gi|16 4183 4270 
720 282 gi|16 4195 4664 
722 262 gi|16 12482 13098 
724 274 gi|16 16366 16542 
726 289 gi|16 17100 17905 
728 1013 gi|16 17295 17919 
223 708 gi|16 17306 17983 
730 304 gi|16 17314 17762 
732 313 gi|16 17326 17666 
671 389 gi|16 17327 17683 
445 309 gi|16 17371 17675 
734 787 gi|16 17372 17902 
736 591 gi|16 17417 17888 
738 294 gi|16 17421 17984 
740 740 gi|16 17422 17993 
742 375 gi|16 17443 17618 
744 256 gi|16 17443 17617 
746 414 gi|16 17473 18091 
748 283 gi|16 17483 17591 
750 656 gi|16 17484 17968 
754 593 gi|16 17493 17923 
377 399 gi|16 17493 17615 
752 300 gi|16 17493 17606 
756 252 gi|16 17493 17597 
758 423 gi|16 17499 17885 
760 302 gi|16 17500 17964 
529 312 gi|16 17501 18250 
762 353 gi|16 17504 17914 
764 274 gi|16 17504 17894 
766 306 gi|16 17505 17629 
768 668 gi|16 17506 17965 
770 265 gi|16 17511 17724 
772 377 gi|16 17521 17900 
774 268 gi|16 17521 17610 
177 293 gi|16 17524 17832 
776 273 gi|16 17556 17688 
778 264 gi|16 17709 17850 
780 253 gi|16 17800 17907 
782 264 gi|16 19467 19625 
784 281 gi|16 19528 19604 
397 580 gi|16 26469 27558 
403 659 gi|16 26494 27062 
307 482 gi|16 26509 27089 
37 260 gi|16 26670 27055 
147 255 gi|16 32584 32728 
786 278 gi|16 34863 34973 
788 593 gi|16 39648 39753 
790 2804 gi|17 10872 13061 
792 2709 gi|17 13634 15466 
794 250 gi|17 19177 19328 
796 1964 gi|17 19274 19552 
798 874 gi|18 1 1116 
800 422 gi|18 1 611 
103 319 gi|18 1 182 
97 642 gi|18 2 831 
802 406 gi|18 2 496 
804 295 gi|18 2 93 
107 461 gi|18 8 393 
115 729 gi|18 149 789 
806 295 gi|18 174 369 
808 1225 gi|18 178 1098 
810 364 gi|18 190 315 
812 308 gi|18 205 384 
814 336 gi|18 408 536 
99 1285 gi|18 414 1093 
816 652 gi|18 425 1115 
818 393 gi|18 601 837 
105 838 gi|18 619 1307 
820 389 gi|18 624 829 
822 387 gi|18 628 839 
824 623 gi|18 647 1111 
826 362 gi|18 720 1062 
828 270 gi|18 788 1110 
830 316 gi|18 831 990 
129 555 gi|18 869 1138 
832 353 gi|18 878 1078 
834 303 gi|18 878 1032 
836 252 gi|18 896 977 
27 266 gi|18 975 1110 
61 256 gi|18 2392 2596 
838 530 gi|18 7646 7751 
840 452 gi|18 7646 7727 
261 497 gi|18 7652 7741 
842 633 gi|18 10574 11260 
844 251 gi|18 10663 10797 
409 1449 gi|18 12082 13094 
846 594 gi|18 15630 17222 
848 1086 gi|18 15633 16948 
850 353 gi|18 24677 25028 
69 292 gi|18 27314 27670 
852 344 gi|18 27315 27912 
854 257 gi|18 30998 31143 
627 250 gi|19 3397 3492 
856 320 gi|19 4219 4609 
2 256 gi|2 6200 6454 
4 277 gi|2 6252 6563 
6 288 gi|2 6253 6509 
8 864 gi|2 10453 11724 
10 794 gi|2 10526 11675 
12 279 gi|2 10709 10881 
14 706 gi|2 10749 11701 
16 350 gi|2 10783 11744 
18 475 gi|2 10790 11687 
20 308 gi|2 11012 11713 
22 252 gi|2 11100 11716 
24 506 gi|2 12392 13013 
26 266 gi|2 15431 15561 
28 265 gi|2 16582 16740 
860 303 gi|21 211 329 
858 446 gi|21 211 286 
862 352 gi|21 212 283 
864 270 gi|21 224 279 
866 281 gi|21 297 422 
868 252 gi|21 2696 2821 
870 2296 gi|21 11686 13732 
589 1119 gi|21 11691 13714 
872 643 gi|21 11694 12261 
874 1058 gi|21 11723 12552 
876 1382 gi|21 11984 13733 
878 848 gi|21 12071 13561 
880 370 gi|21 12230 12576 
882 1021 gi|21 12290 13731 
884 519 gi|21 13001 13552 
886 554 gi|21 13142 13672 
888 593 gi|21 14036 14218 
890 254 gi|21 14095 14226 
892 413 gi|21 14110 14321 
894 398 gi|21 14121 14251 
583 319 gi|21 14121 14211 
896 260 gi|21 15004 15105 
898 382 gi|22 1 42 
900 286 gi|22 749 1323 
902 269 gi|22 7692 7842 
904 461 gi|22 10864 11428 
906 375 gi|22 10894 12203 
908 386 gi|22 10898 11901 
415 329 gi|22 11159 11857 
910 284 gi|22 14714 14988 
912 275 gi|22 15728 15850 
914 304 gi|22 18716 18807 
916 253 gi|22 19280 19491 
918 295 gi|22 19784 19901 
920 313 gi|22 20148 20440 
922 263 gi|22 27015 27104 
924 270 gi|22 28847 29472 
926 267 gi|22 30080 30168 
928 662 gi|22 31519 32501 
930 257 gi|23 218 376 
932 261 gi|23 2326 2444 
934 329 gi|23 3862 4205 
795 250 gi|23 4916 5079 
936 545 gi|23 5709 5959 
938 928 gi|23 10199 11018 
940 269 gi|23 14780 14886 
41 510 gi|23 16007 16117 
942 260 gi|23 16772 17557 
944 441 gi|23 16794 17504 
946 758 gi|23 17576 18362 
948 689 gi|23 17690 18331 
950 254 gi|23 21399 21507 
952 281 gi|23 21852 21898 
954 270 gi|23 30188 30271 
956 258 gi|23 35598 35918 
449 285 gi|24 8231 8342 
958 254 gi|24 13441 13553 
960 483 gi|24 14301 14577 
962 978 gi|24 18047 18324 
964 1075 gi|25 1 146 
966 827 gi|25 29 132 
637 257 gi|25 545 682 
968 270 gi|25 550 701 
227 286 gi|25 565 879 
970 762 gi|25 584 1219 
972 265 gi|25 588 872 
974 470 gi|25 614 906 
976 322 gi|25 644 939 
978 266 gi|25 664 880 
980 314 gi|25 704 898 
982 288 gi|25 707 1230 
743 375 gi|25 717 889 
984 309 gi|25 747 1230 
986 266 gi|25 750 1186 
988 266 gi|25 761 884 
681 304 gi|25 784 873 
297 285 gi|25 791 896 
990 397 gi|25 1083 1240 
992 254 gi|25 1128 1198 
994 268 gi|25 1154 1219 
996 301 gi|25 1269 1649 
921 313 gi|25 1290 1585 
998 331 gi|25 1315 2033 
229 272 gi|25 1322 2324 
1000 416 gi|25 1357 1596 
1002 331 gi|25 1376 1668 
1004 279 gi|25 1484 1577 
1006 279 gi|25 1513 1995 
1008 367 gi|25 1742 2010 
1010 281 gi|25 1856 1961 
919 295 gi|25 1893 2009 
1012 1246 gi|25 2172 5266 
1014 257 gi|25 2209 2342 
1016 302 gi|25 9823 10016 
1018 255 gi|25 11014 11135 
1020 258 gi|25 11527 12268 
1022 253 gi|25 11686 12329 
281 324 gi|25 11790 12333 
761 302 gi|25 11869 12341 
683 256 gi|25 11883 12367 
1024 250 gi|25 13080 13156 
1026 276 gi|25 16340 16457 
1028 253 gi|25 20739 20831 
1030 250 gi|25 25579 25682 
1032 525 gi|25 29270 30063 
1034 270 gi|25 29360 29460 
1036 1006 gi|25 37525 38460 
1038 261 gi|25 37694 37840 
1040 251 gi|25 37702 38030 
1042 344 gi|25 37704 38375 
1044 366 gi|25 37765 38373 
1046 1113 gi|26 1 127 
1027 276 gi|26 3816 3942 
1048 795 gi|26 5419 5807 
1050 688 gi|26 5530 5805 
1052 259 gi|26 11952 12105 
1054 1048 gi|27 1 127 
937 545 gi|27 240 484 
5 277 gi|27 7649 7981 
1056 268 gi|27 7845 8023 
967 827 gi|27 8849 8953 
1058 816 gi|27 8857 8953 
1060 1160 gi|28 6785 8057 
1062 319 gi|28 9438 10042 
1064 1448 gi|28 11548 15020 
1066 399 gi|28 11557 13203 
145 601 gi|28 11578 14233 
1068 268 gi|28 11846 12145 
615 261 gi|28 11914 13198 
689 318 gi|28 11923 12203 
1070 425 gi|28 11951 12950 
687 399 gi|28 12430 12787 
1072 402 gi|28 12437 13082 
475 296 gi|28 12525 13012 
1074 343 gi|28 12544 12685 
1076 494 gi|28 12550 13247 
1078 263 gi|28 12565 12668 
1080 404 gi|28 12576 13199 
483 415 gi|28 12891 13205 
1082 309 gi|28 12896 13166 
1084 638 gi|28 13331 15013 
1086 1466 gi|28 13360 14988 
1088 290 gi|28 14157 14767 
1090 270 gi|28 14244 14796 
655 830 gi|28 14257 15069 
157 330 gi|28 14278 14982 
1092 676 gi|28 14290 14995 
201 685 gi|28 14297 14989 
471 900 gi|28 14316 14863 
1094 408 gi|28 14360 14983 
1096 274 gi|28 14363 14451 
495 523 gi|28 14379 14981 
1098 873 gi|28 14381 15018 
1100 366 gi|28 14408 14973 
1102 357 gi|28 15276 15861 
1104 7424 gi|28 17970 19168 
1051 688 gi|29 526 784 
1049 795 gi|29 773 1164 
1106 271 gi|29 1469 1708 
1108 267 gi|29 1478 1577 
1110 1987 gi|29 3814 4046 
32 762 gi|3 1 557 
30 1155 gi|3 1 127 
34 273 gi|3 3690 3769 
36 260 gi|3 4167 4546 
38 423 gi|3 4288 4499 
40 510 gi|3 5025 5136 
1112 3512 gi|30 1141 2249 
1114 7183 gi|30 3549 5126 
1116 360 gi|30 5777 6617 
1063 319 gi|30 6021 6616 
1118 262 gi|30 10861 10958 
1120 275 gi|31 7370 7408 
1122 614 gi|31 7938 9370 
1124 257 gi|31 8800 9260 
1126 270 gi|31 8951 9327 
1075 343 gi|31 9248 9388 
1128 280 gi|31 9279 9411 
993 254 gi|31 9290 9360 
1130 496 gi|31 20513 21560 
1132 2282 gi|31 20529 24008 
1134 890 gi|31 20561 22168 
659 1185 gi|31 20561 21393 
613 721 gi|31 20571 21322 
197 887 gi|31 20582 21278 
1136 617 gi|31 20583 21224 
1087 1466 gi|31 20589 22196 
489 350 gi|31 20595 21368 
159 351 gi|31 20595 21229 
1138 272 gi|31 20635 21396 
469 1178 gi|31 20636 21377 
1073 402 gi|31 20686 21332 
47 252 gi|31 20689 20871 
749 283 gi|31 20728 20848 
1140 259 gi|31 20763 20877 
1142 603 gi|31 20782 21311 
1144 323 gi|31 21077 21171 
143 1567 gi|31 21317 23989 
479 1306 gi|31 21785 23912 
603 636 gi|31 22272 23088 
1146 348 gi|31 22354 23066 
1067 399 gi|31 22361 23975 
457 651 gi|31 22371 22970 
1095 408 gi|31 22396 23014 
665 564 gi|31 22399 23209 
1148 567 gi|31 22402 23014 
1150 364 gi|31 22407 22661 
1152 267 gi|31 22439 22668 
563 325 gi|31 22483 22662 
1154 356 gi|31 22504 22658 
767 306 gi|31 22563 22696 
1156 970 gi|31 22564 23090 
1158 769 gi|31 22583 23085 
1160 272 gi|31 22950 23034 
1162 329 gi|31 23846 24060 
1164 908 gi|31 27198 27352 
1166 298 gi|31 27198 27271 
1168 397 gi|31 27202 27290 
1170 375 gi|31 27207 27343 
1172 848 gi|31 27208 27392 
1174 285 gi|31 27208 27347 
1176 336 gi|31 27209 27343 
1178 368 gi|31 27228 27360 
1180 728 gi|31 27245 27348 
1182 255 gi|32 2842 2994 
1184 453 gi|32 3203 3845 
1186 301 gi|32 3260 3421 
1188 256 gi|32 4962 5076 
1190 317 gi|32 6732 7036 
1192 293 gi|32 6999 7186 
1194 377 gi|32 7665 7949 
1196 254 gi|32 16350 16712 
1198 433 gi|32 16473 17127 
1200 280 gi|32 16506 17042 
1202 590 gi|32 16602 17234 
1204 259 gi|32 16634 16727 
1206 506 gi|32 16745 17355 
1208 755 gi|32 16797 17510 
1210 1692 gi|32 16985 18829 
1212 493 gi|32 17160 17532 
1214 1327 gi|32 17548 18434 
1216 1054 gi|32 17588 18032 
1218 3357 gi|32 17638 18410 
1220 730 gi|32 17701 18056 
1222 872 gi|32 17707 18456 
1224 277 gi|32 17718 18073 
1226 3936 gi|32 17957 18792 
1228 929 gi|32 18086 18829 
1230 680 gi|32 18177 18817 
1232 2948 gi|32 18334 18829 
1234 707 gi|32 18464 18818 
1236 256 gi|32 18679 18731 
1238 823 gi|32 18707 18829 
1109 267 gi|33 1444 1556 
1240 351 gi|33 1861 2008 
1242 872 gi|33 4094 6005 
405 309 gi|33 7543 7960 
1244 283 gi|34 4502 5663 
1246 571 gi|34 4582 5440 
1248 497 gi|34 4606 5210 
1250 334 gi|34 4720 4974 
951 254 gi|34 5029 5140 
1252 290 gi|34 5219 5575 
1254 255 gi|34 5337 5458 
421 261 gi|34 6703 7192 
1256 285 gi|34 8839 8897 
1258 2419 gi|35 1 363 
1260 1184 gi|35 139 286 
1262 406 gi|35 139 193 
1264 320 gi|35 228 285 
1266 1109 gi|35 236 459 
1268 313 gi|35 321 400 
1270 332 gi|35 325 459 
1272 352 gi|35 418 528 
1274 480 gi|35 2748 3128 
1276 323 gi|35 2748 3065 
1278 409 gi|35 2761 3333 
1280 1784 gi|35 2880 4775 
1282 2063 gi|35 4859 5095 
1284 1177 gi|36 1 139 
1286 297 gi|36 6594 6896 
787 278 gi|36 8485 8589 
1288 328 gi|36 9168 9273 
1290 250 gi|36 10010 10090 
929 662 gi|36 13116 14112 
1292 261 gi|36 15985 16081 
137 250 gi|36 16748 16894 
1294 405 gi|36 20315 21018 
1296 869 gi|36 20319 21143 
1298 275 gi|36 21611 21753 
1300 251 gi|36 22834 23340 
1302 347 gi|36 23019 23216 
1304 250 gi|36 23082 23192 
1306 265 gi|36 23111 23218 
1310 621 gi|36 23135 23941 
1308 250 gi|36 23135 23236 
1312 703 gi|36 23146 24049 
591 332 gi|36 23265 23922 
1314 331 gi|36 23266 23348 
1316 708 gi|36 23270 24947 
879 848 gi|36 23276 24803 
1318 397 gi|36 24315 24861 
1320 500 gi|36 24319 25106 
1322 364 gi|36 24439 24609 
597 423 gi|36 24490 25216 
1324 311 gi|36 30849 31633 
1326 1312 gi|36 33404 34161 
1328 1017 gi|36 33498 34094 
323 1678 gi|36 33509 34246 
1330 545 gi|36 33557 33857 
653 328 gi|36 33620 33903 
1332 816 gi|36 33623 34112 
1334 531 gi|36 33625 33841 
335 275 gi|36 34890 35366 
337 1127 gi|36 35417 36218 
1336 585 gi|36 35473 36145 
1338 342 gi|36 35549 36241 
1340 325 gi|36 35565 36234 
1342 485 gi|36 35790 36230 
1344 317 gi|36 35901 36152 
1346 258 gi|36 35915 36031 
1191 317 gi|36 39404 39687 
1193 293 gi|36 39773 39996 
1348 287 gi|37 1463 1610 
1350 764 gi|38 1335 1448 
1352 253 gi|39 1105 1363 
1354 301 gi|39 2187 2655 
783 264 gi|39 2572 2736 
221 634 gi|39 10600 11347 
1356 285 gi|39 10660 11297 
537 394 gi|39 10668 11153 
473 282 gi|39 10671 11173 
1358 348 gi|39 10671 11172 
1360 327 gi|39 10672 11325 
209 256 gi|39 10698 11322 
1362 495 gi|39 10708 11347 
661 265 gi|39 10713 11345 
1364 413 gi|39 10716 11318 
735 787 gi|39 10718 11281 
1366 290 gi|39 10732 11151 
175 255 gi|39 10740 11139 
379 262 gi|39 10935 11142 
1368 306 gi|39 10963 11198 
981 314 gi|39 11029 11220 
295 293 gi|39 11041 11139 
1370 343 gi|39 11045 11342 
507 288 gi|39 11057 11139 
1372 460 gi|39 12808 13286 
1374 509 gi|39 12811 14083 
1376 737 gi|39 12939 13642 
1333 816 gi|39 12942 13425 
1378 776 gi|39 12944 13447 
333 621 gi|39 13030 13417 
1380 253 gi|39 13823 14044 
1382 469 gi|39 14230 15124 
1341 325 gi|39 14441 15092 
1384 337 gi|39 14761 15115 
1386 262 gi|39 15666 17136 
1388 251 gi|39 16745 16842 
635 1497 gi|39 23792 24973 
645 1352 gi|39 24080 24928 
1390 253 gi|39 25185 25451 
1392 251 gi|39 25496 25541 
42 385 gi|4 11776 11987 
44 928 gi|4 16099 17106 
1394 250 gi|40 396 471 
1396 257 gi|40 5094 5233 
1398 259 gi|40 5921 6171 
525 273 gi|40 7659 8219 
1281 1784 gi|40 15974 17857 
1400 283 gi|40 17661 17804 
1402 1185 gi|40 27656 27891 
1404 946 gi|42 7378 8552 
1247 571 gi|42 7379 8308 
1406 1976 gi|42 7403 8551 
1408 668 gi|42 7403 7936 
317 362 gi|42 7403 7765 
351 509 gi|42 7529 7753 
1410 601 gi|42 19901 20452 
113 251 gi|42 27563 27740 
807 295 gi|42 27564 27772 
835 303 gi|42 27576 27730 
371 252 gi|42 28973 29075 
373 254 gi|42 29577 29654 
1412 257 gi|42 30932 31047 
1414 261 gi|43 2150 2536 
1291 250 gi|43 3727 3810 
1416 255 gi|43 6295 6439 
1418 599 gi|43 8717 10395 
1420 347 gi|43 16264 16715 
1422 284 gi|43 16440 16740 
1424 257 gi|43 16686 17171 
917 253 gi|43 18697 18899 
1381 253 gi|43 20495 20689 
1105 7424 gi|44 1 1199 
639 270 gi|44 1241 1349 
1426 347 gi|44 7133 7549 
503 704 gi|44 7263 8523 
1069 268 gi|44 7263 7511 
1428 816 gi|44 7280 8656 
663 751 gi|44 7285 8547 
155 1025 gi|44 7449 8530 
1131 496 gi|44 7587 8620 
1430 581 gi|44 7843 8607 
1093 676 gi|44 7845 8544 
461 612 gi|44 7850 8537 
203 576 gi|44 7853 8544 
621 325 gi|44 7853 8530 
1432 820 gi|44 7863 8344 
1434 278 gi|44 7902 8431 
1436 397 gi|44 7912 8432 
1149 567 gi|44 7915 8525 
1438 447 gi|44 7927 8429 
745 256 gi|44 8255 8420 
1440 340 gi|44 8256 8498 
1083 309 gi|44 8259 8529 
249 250 gi|44 8261 8438 
565 320 gi|44 8269 8396 
1442 263 gi|44 8272 8380 
691 273 gi|44 9021 9427 
1444 297 gi|44 9175 9547 
193 1411 gi|44 9739 10463 
605 781 gi|44 9744 10464 
1446 954 gi|44 9756 10443 
1147 348 gi|44 9768 10485 
1448 607 gi|44 9768 10193 
455 977 gi|44 9779 10463 
1137 617 gi|44 9806 10447 
487 567 gi|44 9806 10438 
1450 702 gi|44 9819 10471 
1452 345 gi|44 9828 10441 
1454 273 gi|44 9829 10125 
657 1672 gi|44 9840 10475 
1099 873 gi|44 9840 10471 
1081 404 gi|44 9840 10463 
171 649 gi|44 9859 10485 
909 386 gi|44 10904 11928 
1223 872 gi|44 22793 23578 
1229 929 gi|44 22796 23575 
1235 707 gi|44 22796 23149 
1213 493 gi|44 22799 23171 
1456 529 gi|44 22800 23147 
1207 506 gi|44 22801 23402 
1458 684 gi|44 22803 23398 
1460 461 gi|44 22805 23101 
1462 689 gi|44 22810 23573 
1464 611 gi|44 23064 23575 
1466 329 gi|44 23197 23542 
1225 277 gi|44 23210 23578 
447 1012 gi|45 1679 3069 
1468 501 gi|45 12632 12709 
1470 279 gi|45 13424 13531 
1472 263 gi|45 22507 22609 
781 253 gi|45 29227 29343 
1474 268 gi|45 31899 31989 
1476 259 gi|45 31975 32065 
1199 433 gi|45 33407 34085 
1463 689 gi|45 33435 34185 
1211 1692 gi|45 33436 35191 
1197 254 gi|45 33438 33784 
1215 1327 gi|45 33452 34378 
1221 730 gi|45 33452 33806 
1457 529 gi|45 33452 33795 
1209 755 gi|45 33455 34139 
1231 680 gi|45 33849 34444 
1467 329 gi|45 33870 34207 
1227 3936 gi|45 34371 35187 
1219 3357 gi|45 34372 35133 
1217 1054 gi|45 34372 34798 
1201 280 gi|45 34378 34907 
1461 461 gi|45 34378 34670 
1459 684 gi|45 34498 35050 
1203 590 gi|45 34528 35193 
1233 2948 gi|45 34696 35188 
1465 611 gi|45 34696 35170 
1239 823 gi|45 35074 35196 
1029 253 gi|46 2712 2781 
1475 268 gi|46 2748 2835 
1478 612 gi|46 6391 6797 
1373 460 gi|46 6413 6887 
1480 293 gi|46 6419 6790 
1335 531 gi|46 6548 6765 
331 281 gi|46 6558 6732 
1482 477 gi|46 6559 6906 
1484 653 gi|46 7777 8458 
1486 476 gi|46 7783 8465 
1345 317 gi|46 8113 8367 
257 503 gi|46 9655 10116 
625 508 gi|46 11155 12231 
1488 251 gi|46 19183 19328 
1490 556 gi|46 19493 20315 
1492 512 gi|46 20478 20906 
1415 261 gi|46 25958 26338 
1494 1031 gi|46 27993 29290 
1496 370 gi|46 28236 29283 
1498 639 gi|46 28327 29301 
17 350 gi|46 28364 29335 
1500 301 gi|46 28378 29237 
1502 390 gi|46 28671 29264 
367 266 gi|46 29055 29224 
1243 872 gi|46 29632 31490 
1295 405 gi|46 30268 31024 
1504 1835 gi|47 1 236 
1506 1050 gi|47 188 360 
1189 256 gi|47 5141 5257 
1508 254 gi|47 7433 7582 
1025 250 gi|47 8854 8941 
1510 368 gi|47 14472 14555 
1512 410 gi|47 14536 14619 
1514 426 gi|47 14600 14650 
701 893 gi|48 4 632 
1516 2090 gi|48 5 776 
1518 366 gi|48 6 599 
245 650 gi|48 8 634 
1520 448 gi|48 40 1001 
1522 622 gi|48 54 715 
539 420 gi|48 112 597 
751 656 gi|48 114 623 
1005 279 gi|48 128 215 
1524 274 gi|48 137 545 
1526 274 gi|48 150 609 
1528 443 gi|48 753 1360 
45 928 gi|48 13618 14624 
633 393 gi|48 14744 15899 
1530 611 gi|48 20914 21065 
1347 258 gi|49 6145 6252 
1532 332 gi|49 16477 16719 
1473 263 gi|49 17629 17728 
1534 252 gi|49 20593 20899 
1536 294 gi|49 27292 27454 
1538 263 gi|49 28731 28808 
1351 764 gi|49 30006 30119 
1237 256 gi|49 32965 33020 
1540 255 gi|49 39932 40164 
46 252 gi|5 31 222 
48 265 gi|5 43 177 
50 409 gi|5 56 324 
52 547 gi|5 60 327 
56 274 gi|5 60 326 
54 284 gi|5 60 288 
58 322 gi|5 69 325 
60 256 gi|5 86 306 
62 380 gi|5 10975 11572 
64 315 gi|5 12946 13374 
66 566 gi|5 14218 14997 
68 292 gi|5 14489 14835 
1542 393 gi|50 3466 3866 
1419 599 gi|50 6547 8189 
1544 270 gi|50 6784 7110 
1033 525 gi|50 8296 9017 
1546 336 gi|50 12205 12467 
359 665 gi|50 16625 17920 
1548 582 gi|50 16771 17927 
19 475 gi|50 17044 17945 
1550 579 gi|50 17240 17930 
1503 390 gi|50 17357 17941 
1552 293 gi|50 18416 18623 
1297 869 gi|50 18712 19512 
729 1013 gi|50 25822 26443 
1554 335 gi|50 25891 26257 
843 633 gi|50 36301 36987 
271 1663 gi|50 38847 39071 
273 756 gi|50 38848 38971 
267 1594 gi|50 38863 39144 
269 802 gi|50 38963 39144 
1556 1762 gi|51 1 248 
1558 467 gi|51 1 64 
1560 430 gi|51 4 146 
1562 927 gi|51 44 330 
1564 1670 gi|51 137 433 
1566 731 gi|51 229 500 
1568 340 gi|51 335 469 
1570 1727 gi|51 3990 4997 
1257 285 gi|51 4935 4988 
1572 849 gi|51 8500 8747 
1574 561 gi|51 8518 8624 
1576 1056 gi|51 8544 8731 
1578 504 gi|51 8624 8748 
789 593 gi|52 1 106 
1421 347 gi|52 1351 1786 
1580 257 gi|52 2307 2576 
33 762 gi|52 2918 3491 
1582 787 gi|52 3366 3491 
631 1490 gi|52 3387 3678 
1584 341 gi|52 3388 3451 
1586 845 gi|53 1 94 
77 276 gi|53 1353 1390 
1588 278 gi|53 5426 5567 
1590 284 gi|53 19282 19700 
1385 337 gi|53 19332 19691 
1592 252 gi|53 22826 22904 
1594 274 gi|53 23332 23744 
1117 360 gi|53 24604 25441 
1427 347 gi|53 26242 26659 
1596 287 gi|53 26299 26603 
509 907 gi|53 26381 27456 
1598 253 gi|53 26388 26531 
1445 297 gi|53 26416 26794 
1600 1201 gi|53 26419 27456 
685 975 gi|53 26433 27456 
153 989 gi|53 26439 27456 
1071 425 gi|53 26441 27428 
1089 290 gi|53 26844 27428 
1602 288 gi|53 26868 27095 
1143 603 gi|53 26915 27456 
1604 617 gi|53 26924 27456 
191 449 gi|53 26925 27456 
255 356 gi|53 26949 27456 
1159 769 gi|53 26960 27456 
477 596 gi|53 26967 27420 
1606 436 gi|53 26973 27456 
1433 820 gi|53 26978 27456 
1449 607 gi|53 26979 27401 
721 282 gi|53 26990 27456 
1608 285 gi|53 27003 27456 
1610 320 gi|53 27008 27456 
623 477 gi|53 27013 27456 
1612 284 gi|53 27014 27192 
777 273 gi|53 27306 27425 
1614 302 gi|53 27374 27446 
1195 377 gi|54 51 329 
1616 256 gi|54 8050 8226 
1618 507 gi|54 8497 9192 
1620 258 gi|54 11306 11543 
1622 254 gi|54 11741 11817 
1624 513 gi|54 12426 12762 
1626 262 gi|54 13877 13973 
1628 369 gi|54 17905 18081 
847 594 gi|54 19167 20746 
1630 1026 gi|54 19431 20745 
1121 275 gi|54 21175 21213 
1632 645 gi|54 22761 23063 
1634 514 gi|54 23616 24157 
1353 253 gi|54 25335 25597 
1636 707 gi|54 27416 28252 
1277 323 gi|54 27942 28265 
1638 254 gi|54 29290 29393 
1640 304 gi|54 29873 29990 
1642 336 gi|54 30161 30767 
1644 744 gi|54 31018 31486 
1646 2117 gi|55 2 302 
1648 1583 gi|55 2 238 
1650 311 gi|55 324 894 
1541 255 gi|55 4775 4994 
1652 284 gi|56 6328 6438 
1654 6471 gi|56 7064 8198 
571 838 gi|56 8664 8906 
1349 287 gi|57 15 142 
1425 257 gi|57 19 506 
1656 471 gi|57 7778 8081 
1585 341 gi|57 7809 7871 
859 446 gi|57 7936 8011 
1658 304 gi|57 7938 8009 
1660 369 gi|57 8116 8276 
1662 361 gi|57 8133 8228 
1664 252 gi|57 8133 8210 
1167 298 gi|57 8134 8208 
1666 803 gi|57 8142 8389 
1668 262 gi|57 8142 8198 
1670 266 gi|57 8152 8276 
1171 375 gi|57 8218 8385 
1674 263 gi|57 8219 8534 
1672 304 gi|57 8219 8385 
1676 369 gi|57 8503 8630 
1678 1030 gi|58 1 122 
1680 658 gi|58 35 291 
259 806 gi|58 41 323 
839 530 gi|58 206 314 
1682 358 gi|58 1421 1993 
1684 258 gi|58 3170 3340 
939 928 gi|58 4376 5163 
1417 255 gi|58 7690 7830 
931 257 gi|58 11722 11881 
1047 1113 gi|58 12223 12349 
1686 334 gi|59 44 184 
1688 310 gi|59 852 1158 
1690 7535 gi|59 1280 5154 
1692 6322 gi|59 1317 5114 
1395 250 gi|59 2579 2655 
1694 398 gi|59 3258 3941 
1696 422 gi|59 3263 3951 
1698 961 gi|59 3268 4129 
1700 1115 gi|59 3312 4099 
1704 312 gi|59 3312 3929 
1702 367 gi|59 3312 3777 
733 313 gi|59 3600 3949 
977 322 gi|59 3613 3923 
1706 271 gi|59 3628 3800 
441 691 gi|59 3656 4099 
1710 252 gi|59 3666 3913 
1708 411 gi|59 3666 3860 
1712 285 gi|59 3667 3925 
713 343 gi|59 4185 4838 
1714 301 gi|59 4271 4779 
1716 367 gi|59 4296 4780 
1718 484 gi|59 4322 5104 
1720 321 gi|59 4325 4780 
1722 623 gi|59 4351 5092 
773 377 gi|59 4355 4764 
1724 428 gi|59 4360 4773 
1726 355 gi|59 4366 4779 
435 971 gi|59 4671 5235 
561 271 gi|59 4672 4779 
519 301 gi|59 10092 10178 
867 281 gi|59 10099 10237 
1728 267 gi|59 10101 10159 
1730 254 gi|59 10104 10159 
593 1211 gi|59 17166 18924 
1317 708 gi|59 17167 18804 
1732 2619 gi|59 17183 18972 
1734 1659 gi|59 17183 18931 
1736 1445 gi|59 17183 18435 
885 519 gi|59 17183 17728 
1738 279 gi|59 17183 17239 
1740 927 gi|59 17187 18948 
875 1058 gi|59 18184 18968 
1742 724 gi|59 18472 18958 
1309 250 gi|59 20744 20834 
1744 287 gi|59 23865 24090 
1746 1177 gi|59 29161 29287 
70 1162 gi|6 5 152 
72 300 gi|6 96 146 
74 378 gi|6 114 213 
76 276 gi|6 145 187 
78 295 gi|6 760 1355 
80 270 gi|6 1262 1360 
82 252 gi|6 6987 7223 
84 680 gi|6 11317 11591 
86 2117 gi|6 19093 19353 
88 1003 gi|6 19359 19477 
90 2167 gi|6 22739 23009 
92 1670 gi|6 22786 23009 
1748 264 gi|61 3615 3713 
1750 267 gi|61 3792 3933 
1752 5978 gi|62 1 818 
93 1670 gi|62 595 818 
89 1003 gi|62 875 992 
1754 514 gi|62 2373 2721 
1756 2504 gi|63 1039 1890 
1758 2549 gi|63 2223 3213 
1625 513 gi|63 4086 4464 
1760 263 gi|63 12646 12713 
1531 611 gi|63 14574 14719 
1762 252 gi|63 24276 24394 
989 266 gi|63 24899 25031 
1764 254 gi|63 25522 25616 
1766 411 gi|63 33363 33839 
629 250 gi|63 34941 35437 
1768 255 gi|64 785 985 
935 329 gi|64 1054 1397 
123 371 gi|64 11916 12335 
1770 279 gi|64 11935 12126 
1772 279 gi|64 11967 12126 
1774 261 gi|64 12254 12373 
837 252 gi|64 12260 12341 
1776 307 gi|64 13766 14157 
1778 260 gi|64 13855 14063 
813 308 gi|64 13888 14064 
1780 258 gi|64 14256 14586 
1782 254 gi|64 14296 14369 
831 316 gi|64 14428 14581 
811 364 gi|64 14428 14554 
805 295 gi|64 14428 14519 
815 336 gi|64 14429 14557 
133 321 gi|64 14430 14569 
1784 357 gi|64 14430 14557 
1786 259 gi|64 14491 14546 
1788 869 gi|64 16836 17910 
1329 1017 gi|64 16875 17471 
327 1063 gi|64 16952 17476 
1379 776 gi|64 17002 17508 
1790 922 gi|64 17002 17476 
1483 477 gi|64 17013 17369 
1792 712 gi|64 18086 18991 
1383 469 gi|64 18112 19025 
1487 476 gi|64 18336 19012 
647 289 gi|64 18502 19010 
651 265 gi|64 18503 18788 
343 432 gi|64 18551 18980 
1794 252 gi|64 18553 18624 
1343 485 gi|64 18561 18989 
1591 284 gi|64 18606 19041 
1796 581 gi|64 18696 19010 
1325 311 gi|64 23425 24169 
1423 284 gi|64 24322 24637 
29 265 gi|64 25513 25680 
1798 378 gi|64 29308 30488 
1767 411 gi|64 29398 29833 
1800 417 gi|64 35626 36036 
1631 1026 gi|64 36110 37436 
849 1086 gi|64 36112 37438 
1802 264 gi|65 40 94 
1804 711 gi|65 483 1412 
1493 512 gi|65 9801 10232 
1806 728 gi|65 10802 11883 
1405 946 gi|65 10808 11900 
1245 283 gi|65 10809 11956 
1808 269 gi|65 10875 11878 
319 290 gi|65 11511 11943 
347 318 gi|65 11525 11757 
1810 302 gi|65 12514 14646 
1183 255 gi|65 13477 13640 
1812 277 gi|65 17995 18122 
1814 265 gi|65 18009 18103 
1617 256 gi|65 21900 22061 
1469 501 gi|65 36776 36853 
1816 1544 gi|65 36973 39994 
577 375 gi|65 37707 38187 
1818 562 gi|65 37757 38190 
1820 1743 gi|65 37935 39996 
1822 389 gi|65 37955 38170 
891 254 gi|65 37963 38103 
585 1957 gi|65 38449 39970 
883 1021 gi|65 38460 39972 
1824 2234 gi|65 38537 39996 
1826 346 gi|65 38662 38712 
1737 1445 gi|65 38665 39964 
1323 364 gi|65 39854 40000 
1163 329 gi|67 1670 1876 
385 720 gi|67 3339 4245 
1828 273 gi|67 3613 4018 
383 605 gi|67 4412 4860 
1629 369 gi|67 4527 4700 
693 265 gi|67 8425 8738 
1830 381 gi|67 11267 11707 
1832 270 gi|67 12535 12612 
1041 251 gi|67 14945 15239 
1685 258 gi|67 15107 15274 
1834 259 gi|67 16868 16937 
1571 1727 gi|67 17321 18317 
1299 275 gi|67 18549 18686 
1836 667 gi|67 18607 19842 
1838 1352 gi|67 18898 20084 
579 592 gi|67 19383 19705 
1819 562 gi|67 19397 19827 
893 413 gi|67 19490 19716 
1840 403 gi|67 19569 19789 
1301 251 gi|67 19865 20398 
1842 375 gi|67 20339 20398 
1844 286 gi|67 20339 20398 
1827 346 gi|67 20339 20389 
1739 279 gi|67 20342 20398 
595 328 gi|67 20342 20398 
1846 251 gi|67 20346 20398 
1443 263 gi|68 1920 2028 
757 252 gi|68 1920 2024 
1651 311 gi|68 2587 3167 
513 256 gi|69 1655 1898 
521 669 gi|69 13889 14007 
94 1093 gi|7 13572 13921 
96 642 gi|7 13797 14744 
98 1285 gi|7 14010 14776 
100 546 gi|7 14022 14505 
102 319 gi|7 14027 14205 
104 838 gi|7 14029 14793 
106 461 gi|7 14038 14459 
108 286 gi|7 14042 14235 
110 403 gi|7 14054 14767 
112 251 gi|7 14058 14235 
114 729 gi|7 14083 14815 
116 274 gi|7 14084 14227 
118 520 gi|7 14099 14797 
120 544 gi|7 14278 14780 
122 371 gi|7 14292 14740 
124 619 gi|7 14293 14774 
126 317 gi|7 14302 14669 
128 555 gi|7 14496 14775 
130 405 gi|7 14554 14882 
132 321 gi|7 14655 14802 
134 802 gi|7 16709 17874 
136 250 gi|7 16843 16977 
138 3266 gi|7 19183 20926 
140 901 gi|7 19252 20906 
142 1567 gi|7 19271 22023 
144 601 gi|7 19295 22017 
146 255 gi|7 19318 19468 
148 609 gi|7 19379 20876 
150 316 gi|7 19567 19839 
152 989 gi|7 19669 20695 
154 1025 gi|7 19791 20881 
156 330 gi|7 20175 20882 
158 351 gi|7 20247 20884 
160 282 gi|7 20263 20349 
162 410 gi|7 20267 20930 
164 252 gi|7 20270 20883 
166 797 gi|7 20286 20878 
168 333 gi|7 20295 20899 
170 649 gi|7 20306 20923 
172 338 gi|7 20308 20879 
174 255 gi|7 20321 20703 
176 293 gi|7 20370 20696 
178 267 gi|7 20621 20841 
180 3904 gi|7 21074 22893 
182 342 gi|7 21295 21751 
184 297 gi|7 21335 21696 
186 524 gi|7 22089 22872 
188 1604 gi|7 22121 22867 
190 449 gi|7 22121 22657 
192 1411 gi|7 22148 22872 
194 1636 gi|7 22155 22870 
196 887 gi|7 22161 22857 
198 918 gi|7 22165 22851 
200 685 gi|7 22165 22851 
202 576 gi|7 22166 22857 
204 283 gi|7 22205 22843 
206 361 gi|7 22223 22854 
208 256 gi|7 22232 22845 
210 295 gi|7 22264 22473 
212 335 gi|7 22984 23665 
214 409 gi|7 22986 23475 
216 3242 gi|7 23006 24292 
218 1377 gi|7 23036 23692 
220 634 gi|7 23037 23760 
222 708 gi|7 23041 23729 
224 275 gi|7 23053 23685 
226 286 gi|7 23055 23340 
53 547 gi|7 23056 23322 
228 272 gi|7 23062 24058 
230 342 gi|7 23079 23661 
232 481 gi|7 23080 23701 
234 811 gi|7 23085 23645 
236 546 gi|7 23093 23705 
238 250 gi|7 23098 23384 
240 370 gi|7 23101 23419 
242 276 gi|7 23106 23990 
244 650 gi|7 23106 23728 
246 352 gi|7 23135 23426 
248 250 gi|7 23159 23338 
250 342 gi|7 23229 23650 
252 343 gi|7 23252 23334 
254 356 gi|7 23256 23771 
256 503 gi|7 25069 25500 
258 806 gi|7 25679 26018 
260 497 gi|7 25696 25790 
262 3120 gi|7 25709 26108 
264 273 gi|7 25962 26018 
1009 367 gi|70 93 361 
779 264 gi|70 97 247 
1848 282 gi|70 196 286 
1013 1246 gi|70 413 3422 
1850 258 gi|70 3340 3508 
1852 252 gi|70 3362 3483 
1854 512 gi|70 14723 16051 
1303 347 gi|70 16090 16289 
437 1410 gi|70 16340 16934 
1856 6577 gi|70 16361 20245 
1699 961 gi|70 16401 17226 
1693 6322 gi|70 16426 20251 
1858 303 gi|70 16532 16956 
1860 633 gi|70 16550 17199 
1862 279 gi|70 16614 17224 
1864 251 gi|70 16635 16975 
677 345 gi|70 16637 17217 
737 591 gi|70 16672 17164 
541 254 gi|70 16752 17201 
1866 402 gi|70 16760 17242 
1367 290 gi|70 16760 17164 
1455 273 gi|70 16923 17202 
211 295 gi|70 16961 17176 
1868 308 gi|70 17024 17231 
433 460 gi|70 17300 17863 
1719 484 gi|70 17428 18222 
1870 1021 gi|70 17428 18204 
213 335 gi|70 17511 18208 
1872 371 gi|70 17722 17936 
559 365 gi|70 17741 17905 
1874 298 gi|70 17750 17846 
1876 300 gi|70 18090 18209 
1097 274 gi|70 18134 18222 
1878 271 gi|70 18677 18879 
1880 251 gi|70 19663 19826 
1884 554 gi|71 3 415 
1882 866 gi|71 3 382 
1886 595 gi|71 6 348 
1888 525 gi|71 1402 2343 
923 263 gi|71 3615 3704 
1892 266 gi|71 3615 3698 
1890 307 gi|71 3615 3690 
907 375 gi|71 4583 5916 
1894 329 gi|71 4591 5596 
1471 279 gi|71 7119 7229 
1205 259 gi|71 8588 8686 
1657 471 gi|71 9259 9538 
1896 254 gi|71 11816 11926 
1553 293 gi|71 12417 12624 
869 252 gi|71 14692 14828 
1898 252 gi|71 17386 17539 
1747 1177 gi|71 17578 17704 
283 263 gi|72 2503 2645 
1897 254 gi|72 5131 5246 
1900 273 gi|72 10148 10302 
1511 368 gi|72 15068 15148 
1513 410 gi|72 15068 15148 
1515 426 gi|72 15098 15148 
1285 1177 gi|73 1 139 
1902 254 gi|73 542 632 
243 276 gi|73 5246 6160 
1523 622 gi|73 5455 6114 
703 949 gi|73 5601 6158 
1904 357 gi|73 5601 6060 
727 289 gi|73 5609 6433 
1725 428 gi|73 5623 6017 
1127 270 gi|73 5632 6017 
1906 251 gi|73 5635 5703 
1908 363 gi|73 5638 6175 
1521 448 gi|73 5866 6806 
1910 266 gi|73 5868 6029 
1912 267 gi|73 5918 6144 
1709 411 gi|73 5923 6118 
55 284 gi|73 5941 6166 
1914 683 gi|73 6127 6841 
1916 270 gi|73 6203 6789 
1918 591 gi|73 6241 6910 
1007 279 gi|73 6244 6690 
709 595 gi|73 6266 6791 
1079 263 gi|73 6267 6366 
543 319 gi|73 6268 6832 
1920 250 gi|73 6272 6693 
1703 367 gi|73 6278 6713 
759 423 gi|73 6308 6712 
241 370 gi|73 6511 6841 
1922 273 gi|73 6523 6693 
1873 371 gi|73 6527 6733 
1141 259 gi|73 6579 6705 
1371 343 gi|73 6592 6915 
1924 251 gi|73 6593 6793 
675 260 gi|73 6596 6856 
1926 292 gi|73 6599 6696 
1928 327 gi|73 10081 10229 
915 304 gi|73 16561 16643 
7 288 gi|73 17335 17582 
1057 268 gi|73 17447 17599 
1113 3512 gi|73 28944 30053 
1133 2282 gi|73 34831 38299 
141 901 gi|73 34831 36479 
1065 1448 gi|73 34844 38265 
481 981 gi|73 34880 36509 
1930 481 gi|73 34944 35455 
1597 287 gi|73 35099 35409 
1139 272 gi|73 35651 36415 
1091 270 gi|73 35705 36269 
673 451 gi|73 35779 36430 
1607 436 gi|73 35779 36268 
609 459 gi|73 35804 36481 
207 361 gi|73 35834 36459 
1437 397 gi|73 35836 36356 
1453 345 gi|73 35847 36463 
1932 583 gi|73 35888 36299 
465 471 gi|73 36013 36452 
753 300 gi|73 36185 36307 
699 288 gi|73 36194 36417 
453 1129 gi|73 37140 38266 
1605 617 gi|73 37508 38040 
1934 1609 gi|73 37523 38350 
669 1240 gi|73 37533 38219 
195 1636 gi|73 37541 38253 
1431 581 gi|73 37543 38300 
485 415 gi|73 37588 38232 
1451 702 gi|73 37611 38263 
163 410 gi|73 37612 38275 
619 826 gi|73 37630 38233 
1936 274 gi|73 38453 38581 
1581 257 gi|74 2591 2881 
1853 252 gi|74 5544 5656 
1829 273 gi|74 8897 9326 
1938 259 gi|74 10120 10234 
1769 255 gi|74 13097 13288 
1940 695 gi|74 19219 19938 
1187 301 gi|74 19334 19492 
1259 2419 gi|74 22448 22810 
1271 332 gi|74 22586 22717 
1267 1109 gi|74 22590 22810 
1261 1184 gi|74 22679 22826 
1942 326 gi|74 22768 22825 
1263 406 gi|74 22772 22826 
1579 504 gi|75 1 128 
1577 1056 gi|75 93 279 
1573 849 gi|75 161 414 
1575 561 gi|75 352 460 
1037 1006 gi|75 2545 3462 
1023 253 gi|75 2614 3268 
287 280 gi|75 2619 2756 
1944 408 gi|75 2680 3490 
1713 285 gi|75 2972 3230 
857 320 gi|75 7919 8318 
1946 299 gi|75 9986 10129 
1948 1379 gi|75 12017 12289 
1950 1092 gi|75 12017 12243 
1952 361 gi|75 12017 12146 
1954 1205 gi|75 12095 12311 
1956 365 gi|75 12208 12311 
1958 261 gi|76 1540 1663 
1507 1050 gi|76 5017 5188 
1505 1835 gi|76 5064 5299 
31 1155 gi|77 1 127 
1583 787 gi|77 1 125 
725 274 gi|77 1674 1841 
903 269 gi|77 6722 6875 
1115 7183 gi|78 2 1582 
1755 514 gi|78 2344 2683 
1883 866 gi|78 3870 4243 
1960 1220 gi|78 3913 5983 
1962 892 gi|78 3977 6002 
1964 1279 gi|78 4307 5975 
1837 667 gi|78 6245 7502 
1966 575 gi|78 6367 7454 
575 4305 gi|78 6699 9757 
1968 482 gi|78 6749 7450 
1823 389 gi|78 7249 7464 
877 1382 gi|78 7741 9522 
1970 1500 gi|78 7807 8645 
1825 2234 gi|78 7837 9243 
1311 621 gi|78 7841 8607 
1972 995 gi|78 7864 8779 
1843 375 gi|78 7944 8003 
1735 1659 gi|78 7947 9707 
1974 1142 gi|78 8875 9758 
1976 1012 gi|78 8951 9741 
1319 397 gi|78 8959 9496 
1978 571 gi|78 9248 9822 
1980 1737 gi|79 484 1583 
1982 261 gi|79 1051 1593 
1984 302 gi|79 2530 2821 
1241 351 gi|79 2694 2832 
1655 6471 gi|79 5872 7011 
1535 252 gi|79 8479 8803 
1017 302 gi|79 9780 9997 
1539 263 gi|79 17362 17436 
75 378 gi|79 24552 24665 
1986 258 gi|79 31206 31343 
1783 254 gi|79 31206 31273 
1988 304 gi|79 31218 31386 
1990 289 gi|79 31727 32159 
1992 309 gi|79 31845 32062 
1994 293 gi|79 31857 32202 
1833 270 gi|79 31910 31987 
1996 289 gi|79 31945 32339 
1998 256 gi|79 32238 32678 
2000 289 gi|79 32544 32707 
1637 707 gi|79 34455 35327 
2002 303 gi|79 35024 35317 
1401 283 gi|79 35025 35161 
2004 365 gi|79 35028 35335 
1279 409 gi|79 36395 36991 
2006 397 gi|79 36613 36991 
2008 671 gi|79 39497 40562 
1889 525 gi|79 39647 40573 
2010 252 gi|79 42023 42103 
67 566 gi|79 43936 44726 
853 344 gi|79 44098 44665 
429 385 gi|79 47127 47612 
431 341 gi|79 47628 47914 
266 1594 gi|8 1 282 
268 802 gi|8 1 182 
270 1663 gi|8 85 309 
272 756 gi|8 186 309 
274 640 gi|8 666 1920 
276 541 gi|8 768 1923 
278 298 gi|8 778 1035 
280 324 gi|8 855 1341 
282 263 gi|8 968 1103 
284 291 gi|8 1074 1303 
286 280 gi|8 1201 1341 
288 386 gi|8 1456 1943 
290 430 gi|8 1533 1901 
292 268 gi|8 1667 2045 
294 293 gi|8 1785 1888 
296 285 gi|8 1788 1895 
161 282 gi|8 2214 2300 
298 550 gi|8 2839 3900 
300 259 gi|8 2951 3041 
302 271 gi|8 3010 3647 
304 255 gi|8 3099 3663 
306 482 gi|8 3245 3852 
308 297 gi|8 3283 3573 
310 253 gi|8 3615 3815 
312 2333 gi|8 4000 5015 
314 618 gi|8 4006 5006 
318 290 gi|8 4589 5083 
316 362 gi|8 4589 4987 
320 273 gi|8 11940 12247 
322 1678 gi|8 28226 28954 
324 1344 gi|8 28252 28967 
326 1063 gi|8 28292 28813 
328 497 gi|8 28343 28968 
330 281 gi|8 28352 28526 
332 621 gi|8 28419 28815 
334 275 gi|8 29333 29798 
336 1127 gi|8 29982 30819 
338 521 gi|8 30087 30824 
340 328 gi|8 30169 30825 
342 432 gi|8 30390 30822 
344 256 gi|8 30529 30859 
346 318 gi|8 31087 31322 
348 354 gi|8 31088 31315 
350 509 gi|8 31100 31324 
352 284 gi|8 35089 35224 
354 314 gi|8 35101 35247 
356 268 gi|8 37058 37622 
358 665 gi|8 38035 39322 
9 864 gi|8 38111 39379 
360 1078 gi|8 38197 39316 
362 285 gi|8 38327 39301 
364 275 gi|8 38399 38707 
366 266 gi|8 38468 38646 
368 367 gi|8 38754 39322 
370 252 gi|8 40370 40471 
372 254 gi|8 41069 41143 
374 1002 gi|8 43366 44595 
59 322 gi|8 43438 43694 
376 399 gi|8 43611 43726 
378 262 gi|8 43626 43826 
380 331 gi|8 43633 43789 
253 343 gi|8 43633 43715 
1679 1030 gi|80 1 122 
265 273 gi|80 26 82 
2012 289 gi|80 40 88 
2014 1100 gi|80 4326 5178 
2016 497 gi|80 5779 6581 
1797 581 gi|80 5845 6149 
339 521 gi|80 5863 6594 
1337 585 gi|80 5947 6652 
1377 737 gi|80 7134 7828 
325 1344 gi|80 7207 7913 
1327 1312 gi|80 7287 8045 
2018 795 gi|80 7343 7992 
1791 922 gi|80 7352 7823 
2020 260 gi|80 8493 8675 
127 317 gi|80 9157 9576 
827 362 gi|80 9232 9576 
131 405 gi|80 9296 9600 
823 387 gi|80 9373 9584 
109 286 gi|80 9382 9577 
829 270 gi|80 9659 9969 
819 393 gi|80 9703 9936 
1775 261 gi|80 9732 9849 
2022 265 gi|80 9740 9886 
809 1225 gi|80 10092 11093 
1785 357 gi|80 10098 10228 
101 546 gi|80 10099 10562 
1773 279 gi|80 10099 10255 
111 403 gi|80 10116 10760 
817 652 gi|80 10118 10829 
825 623 gi|80 10118 10583 
833 353 gi|80 10118 10324 
117 274 gi|80 10119 10259 
799 874 gi|80 10138 11424 
119 520 gi|80 10311 10988 
801 422 gi|80 10372 11048 
1771 279 gi|80 10576 10758 
125 619 gi|80 10583 11055 
1787 259 gi|80 10583 10638 
803 406 gi|80 10610 11139 
1777 307 gi|80 10762 11196 
1781 258 gi|80 10795 11170 
121 544 gi|80 10846 11370 
821 389 gi|80 11142 11347 
95 1093 gi|80 11496 11845 
1593 252 gi|80 15412 15490 
601 304 gi|80 15986 16052 
135 802 gi|80 17046 18163 
1595 274 gi|80 19218 19636 
1643 336 gi|80 20135 20729 
723 262 gi|80 20168 20759 
1537 294 gi|80 20421 20565 
217 3242 gi|80 24865 26205 
531 1697 gi|80 24889 25623 
2024 971 gi|80 24894 25553 
1363 495 gi|80 24905 25528 
1919 591 gi|80 24906 25569 
2026 338 gi|80 24920 25469 
999 331 gi|80 24925 25593 
1697 422 gi|80 24928 25574 
2028 339 gi|80 24929 25562 
51 409 gi|80 24929 25194 
497 258 gi|80 24931 25198 
169 333 gi|80 24932 25518 
2032 328 gi|80 24938 25577 
2030 253 gi|80 24938 25573 
391 266 gi|80 24942 25597 
975 470 gi|80 24942 25234 
1151 364 gi|80 24942 25202 
2034 452 gi|80 24953 25499 
1909 363 gi|80 24956 25493 
2036 411 gi|80 24959 25569 
697 457 gi|80 24965 25534 
1519 366 gi|80 24969 25562 
1125 257 gi|80 24969 25417 
741 740 gi|80 25024 25607 
2038 363 gi|80 25024 25562 
1439 447 gi|80 25036 25536 
1867 402 gi|80 25104 25586 
2040 283 gi|80 25104 25443 
1715 301 gi|80 25105 25586 
381 331 gi|80 25120 25273 
1609 285 gi|80 25124 25574 
527 256 gi|80 25816 26134 
1979 571 gi|81 1 575 
599 976 gi|81 1 550 
873 643 gi|81 1 532 
1743 724 gi|81 1 490 
2042 852 gi|81 6 502 
2044 591 gi|81 27 481 
1387 262 gi|81 5385 6797 
2046 250 gi|81 9859 9961 
311 253 gi|81 14571 14749 
1805 711 gi|81 15766 16620 
1749 264 gi|81 18145 18237 
365 275 gi|81 18403 18734 
969 270 gi|82 585 712 
2015 1100 gi|82 9651 10533 
2048 265 gi|82 13963 14134 
2052 611 gi|82 15398 15631 
2050 1184 gi|82 15398 15614 
2054 1511 gi|82 15440 15634 
2056 876 gi|82 15510 15634 
2058 473 gi|82 15580 15634 
1587 845 gi|83 125 218 
771 265 gi|83 2665 2878 
1877 300 gi|84 2715 2840 
1953 361 gi|84 4646 4769 
1951 1092 gi|84 4670 4883 
1949 1379 gi|84 4735 4999 
1955 1205 gi|84 4827 5043 
1957 365 gi|84 4943 5046 
2060 268 gi|85 5142 5225 
1761 263 gi|85 10467 10533 
1119 262 gi|85 16434 16531 
417 288 gi|85 20377 20562 
375 1002 gi|85 21226 22429 
2033 328 gi|85 21711 22348 
1527 274 gi|85 21714 22170 
231 342 gi|85 21754 22339 
1711 252 gi|85 22075 22322 
1255 255 gi|85 28456 28559 
1745 287 gi|85 32004 32238 
1055 1048 gi|85 33884 34010 
401 502 gi|87 7687 8754 
2062 351 gi|87 7901 8722 
303 271 gi|87 7920 8542 
2064 344 gi|87 8167 8501 
1983 261 gi|87 8194 8732 
1937 274 gi|87 8430 8546 
1869 308 gi|87 10463 10679 
2066 484 gi|87 13958 14718 
2068 328 gi|87 14996 15514 
2070 332 gi|87 20946 21664 
517 257 gi|87 23944 24043 
1765 254 gi|87 25310 25400 
1661 369 gi|87 27745 27926 
2072 352 gi|87 27756 27926 
1893 266 gi|87 27757 27839 
2074 283 gi|87 27758 27941 
2078 310 gi|87 27764 28050 
2076 315 gi|87 27764 27840 
1675 263 gi|87 27771 28063 
2080 295 gi|87 27772 27926 
2082 262 gi|87 27871 28056 
2084 468 gi|87 29631 30381 
2071 332 gi|88 2706 3413 
1491 556 gi|88 8168 8986 
1619 507 gi|88 8207 8896 
1683 358 gi|88 11263 11829 
2023 265 gi|88 12346 12488 
2009 671 gi|88 17320 18400 
1039 261 gi|88 17594 17772 
793 2709 gi|88 18422 20293 
1413 257 gi|88 19185 19309 
791 2804 gi|88 20517 22677 
2086 499 gi|88 27532 28067 
1389 251 gi|88 28185 28286 
2049 265 gi|89 3979 4156 
1635 514 gi|89 5483 6057 
2088 470 gi|89 5779 6022 
1795 252 gi|89 6222 6296 
2090 273 gi|89 6466 6817 
1633 645 gi|89 6538 6843 
413 1480 gi|89 8635 9993 
1533 332 gi|89 8688 8944 
1895 329 gi|89 8955 9954 
21 308 gi|89 9287 9994 
905 461 gi|89 9416 9989 
959 254 gi|89 11760 11875 
2053 611 gi|89 12338 12582 
2051 1184 gi|89 12416 12652 
2055 1511 gi|89 12466 12660 
2057 876 gi|89 12536 12660 
2059 473 gi|89 12606 12660 
382 605 gi|9 4592 5022 
384 720 gi|9 5051 5975 
386 1367 gi|9 13120 14414 
388 280 gi|9 13510 13662 
390 266 gi|9 13554 14179 
392 301 gi|9 13560 14024 
293 268 gi|9 13757 14132 
394 261 gi|9 13936 14028 
396 580 gi|9 15591 16700 
309 297 gi|9 16109 16408 
398 464 gi|9 21226 21905 
299 550 gi|9 23482 24484 
400 502 gi|9 23490 24582 
402 659 gi|9 23513 24075 
404 309 gi|9 23674 24082 
35 273 gi|9 24484 24563 
406 252 gi|9 28103 28384 
408 1449 gi|9 30288 31288 
410 304 gi|9 30996 31217 
412 1480 gi|9 32201 33562 
414 329 gi|9 32523 33257 
416 288 gi|9 34040 34207 
418 256 gi|9 35102 35210 
420 261 gi|9 35156 35648 
1035 270 gi|90 3154 3264 
2092 259 gi|92 1067 1234 
387 1367 gi|92 2846 4141 
1003 331 gi|92 3119 3407 
1707 271 gi|92 3207 3364 
987 266 gi|92 3211 3632 
2094 265 gi|92 3239 3649 
1927 292 gi|92 3247 3344 
2096 300 gi|92 3542 3711 
2098 250 gi|92 6354 6487 
2100 1503 gi|92 6587 7884 
13 279 gi|92 6928 7081 
1499 639 gi|92 6965 7926 
2102 253 gi|92 7003 7893 
369 367 gi|92 7296 7870 
23 252 gi|92 7306 7922 
1403 1185 gi|93 1 236 
1589 278 gi|93 5918 6061 
79 295 gi|94 2176 2798 
1627 262 gi|94 4664 4769 
2104 420 gi|94 9573 9801 
2061 268 gi|94 11121 11198 
1959 261 gi|94 15780 15910 
419 256 gi|94 16666 16784 
2106 269 gi|94 25205 25286 
1411 601 gi|94 29560 30110 
941 269 gi|94 31610 31721 
1275 480 gi|94 39617 39997 
2005 365 gi|94 39622 39935 
2007 397 gi|94 39630 39996 
2108 1190 gi|96 1 127 
2003 303 gi|96 822 1115 
1283 2063 gi|96 956 1190 
2110 586 gi|96 1281 1395 
1179 368 gi|96 1283 1402 
2112 287 gi|96 1293 1394 
2114 289 gi|96 1298 1391 
2116 1046 gi|97 32 209 
2118 1063 gi|97 33 170 
2120 935 gi|97 45 209 
2122 481 gi|97 72 215 
315 618 gi|97 3226 4180 
2124 259 gi|97 3232 3657 
1807 728 gi|97 3237 4399 
2091 273 gi|97 3243 3540 
2126 561 gi|97 3245 4205 
1407 1976 gi|97 3247 4392 
1249 497 gi|97 3247 3851 
349 354 gi|97 3367 3585 
1253 290 gi|97 3923 4326 
2089 470 gi|97 3982 4224 
357 268 gi|97 4593 5145 
1941 695 gi|97 5419 6112 
1185 453 gi|97 5476 6129 
2128 255 gi|97 7285 7374 
2019 795 gi|97 8080 8732 
1789 869 gi|97 8084 9159 
1479 612 gi|97 8084 8500 
1375 509 gi|97 8116 9383 
649 515 gi|97 8118 9044 
1331 545 gi|97 8178 8472 
329 497 gi|97 8247 8908 
1509 254 gi|97 9627 9780 
1793 712 gi|97 10686 11606 
2017 497 gi|97 10888 11675 
1339 342 gi|97 10935 11609 
1485 653 gi|97 10954 11622 
341 328 gi|97 10968 11598 
2130 1167 gi|97 16169 16518 
399 464 gi|98 572 1246 
25 506 gi|98 3967 4590 
2132 648 gi|98 3967 4587 
1981 1737 gi|98 4654 5737 
2063 351 gi|98 4654 5454 
305 255 gi|98 4818 5372 
1547 336 gi|98 5747 6013 
3 256 gi|98 7792 8042 
851 353 gi|98 13011 13353 
911 284 gi|98 13131 13352 
1289 328 gi|98 13247 13351 
913 275 gi|98 18314 18439 
953 281 gi|98 18369 18415 
2134 267 gi|98 23127 23189 
1759 2549 gi|98 29772 30769 
1757 2504 gi|98 30897 31761 
2136 341 gi|98 32336 34139 
1887 595 gi|98 32521 32897 
1961 1220 gi|98 32531 34784 
2138 757 gi|98 33008 34760 
2140 388 gi|98 37920 38295 
39 423 gi|98 39083 39303 
2065 344 gi|98 39105 39449 
1663 361 gi|99 1 98 
2152 301 gi|99 13 291 
1165 908 gi|99 24 177 
2154 358 gi|99 33 182 
1673 304 gi|99 33 169 
2073 352 gi|99 34 185 
2156 257 gi|99 34 176 
2111 586 gi|99 51 181 
2158 343 gi|99 71 870 
2075 283 gi|99 104 288 
2083 262 gi|99 108 276 
1173 848 gi|99 115 324 
2113 287 gi|99 178 286 
2160 721 gi|99 207 283 
1677 369 gi|99 298 426 
1169 397 gi|99 404 503 
2162 265 gi|99 410 543 
313 2333 gi|99 9004 9964 
2127 561 gi|99 9029 9991 
1409 668 gi|99 9031 9626 
1251 334 gi|99 9166 9420 
1965 1279 gi|99 12073 13789 
2139 757 gi|99 12089 13787 
