#  fam    ele   dir  sequence    start     end
     1      1  1       gi|1     1537     2687 
     1     64  1     gi|109        1     1150 
     2      2  1      gi|10        4      207 
     2    167 -1     gi|125        1      195 
     3      3  1      gi|10     1514     1960 
     3    624  1      gi|79    47127    47612 
     4      4  1      gi|10     2081     2384 
     4    625  1      gi|79    47628    47914 
     5      5  1      gi|10     9857    10497 
     5    561  1      gi|70    16340    20245 
     5    116 -1     gi|117    18273    22165 
     5    670 -1      gi|84     2715     2840 
     5    681  1      gi|87    10463    10679 
     5    482 -1      gi|59      852     1158 
     6      6  1     gi|100      533      604 
     6    471 -1      gi|57     7778     8081 
     6    568  1      gi|71     9259     9538 
     7      7  1     gi|100      976     2487 
     8      8  1     gi|100     3401     3559 
     8    122  1     gi|118    23663    23828 
     9      9  1     gi|100     6494     7365 
    10     10  1     gi|100    10858    12033 
    10    213  1       gi|2    10453    11744 
    10    638  1       gi|8    38035    39379 
    10    424  1      gi|50    16625    17945 
    10    663  1      gi|81    18403    18734 
    11     12  1     gi|100    16783    18045 
    11    276 -1      gi|28     6785     8057 
    12     13  1     gi|100    22988    23081 
    12    137 -1     gi|121     4647     4809 
    12    127 -1      gi|12      481      618 
    13     14  1     gi|100    24968    25056 
    13    579  1      gi|73      542      632 
    14     15  1     gi|100    29392    29446 
    14    525  1      gi|65       40       94 
    15     16  1     gi|100    31323    31669 
    15    744 -1      gi|97    16169    16518 
    16     17  1     gi|101     7139     7265 
    16    733  1      gi|96        1      127 
    17     18  1     gi|102     1113     1760 
    18     19  1     gi|102     5001     5579 
    18    209  1      gi|18    30998    31143 
    18    616 -1      gi|79    31206    31386 
    18    617 -1      gi|79    31727    32339 
    18    618 -1      gi|79    32238    32707 
    18     23  1     gi|103    10213    10339 
    18    539 -1      gi|67    12535    12612 
    18     70  1     gi|109    24136    24288 
    19     20  1     gi|102     7473     7589 
    19    445  1      gi|53    26242    27456 
    19     32 -1     gi|105      238      475 
    20     21  1     gi|102    10317    10469 
    20    388  1      gi|46    19183    19328 
    21     22  1     gi|103        1      279 
    21    200  1      gi|17    19274    19552 
    22     24  1     gi|104        1      142 
    22    255  1      gi|25        1      146 
    22    275 -1      gi|27     8853     8953 
    23     25  1     gi|104     1694     1775 
    23    380 -1      gi|45    31975    32065 
    24     26  1     gi|104     3497     3702 
    24    461  1      gi|54    29873    29990 
    24    636 -1       gi|8    35089    35247 
    25     27  1     gi|104     7287     7392 
    25    132  1     gi|120      928     1028 
    26     28  1     gi|104     8045     8569 
    26    155 -1     gi|123    15887    16408 
    26    156  1     gi|123    16988    17213 
    27     29  1     gi|104     8966     9117 
    27    581  1      gi|73    10081    10229 
    28     30  1     gi|104    11155    11285 
    28    131  1     gi|120        1      131 
    29     31  1     gi|105       24      322 
    30     33  1     gi|105     2451     2557 
    30    326  1      gi|36    22834    23340 
    30     63  1     gi|108      181      288 
    30    486  1      gi|59    20744    20834 
    30    544  1      gi|67    19865    20398 
    30    560  1      gi|70    16090    16289 
    31     34  1     gi|105     2693     2845 
    31    498  1      gi|61     3792     3933 
    32     35  1     gi|105     3256     4028 
    32    682  1      gi|87    13958    14718 
    33     36  1     gi|105     6643     7661 
    33    528  1      gi|65    10807    11956 
    33    309 -1      gi|34     4502     5663 
    33    353 -1      gi|42     7378     8551 
    33    767 -1      gi|97     3244     4393 
    33    247  1      gi|23    21399    21507 
    33    677  1      gi|85    28456    28559 
    33    635 -1       gi|8    31087    31320 
    33    630  1       gi|8     4003     5083 
    33    701  1      gi|89     6466     6843 
    33    759 -1      gi|99     9004     9991 
    34     37  1     gi|105     7892     8129 
    34    284  1      gi|29     3814     4046 
    35     38  1     gi|106        1       46 
    35    344  1      gi|39    25496    25541 
    36     39  1     gi|106       62     1334 
    36    181  1      gi|15     6195     7432 
    36    368  1      gi|44     1241     1349 
    36    631 -1       gi|8    11940    12247 
    37     40  1     gi|106     1574     2112 
    37    182  1      gi|15     7540     8063 
    38     41  1     gi|106     2542     3342 
    38    234  1      gi|22    28847    29472 
    38    696 -1      gi|88    27532    28067 
    39     42  1     gi|106     4032     4249 
    39    345 -1       gi|4    11776    11987 
    40     43  1     gi|106     4231     4982 
    40     98 -1     gi|113    11036    11755 
    41     44  1     gi|106     4941     5078 
    41     71  1     gi|109    25391    25541 
    42     45  1     gi|106    13417    13504 
    42     65  1     gi|109     8506     8597 
    43     46  1     gi|106    21284    21871 
    43    250  1      gi|23    35598    35918 
    43    746  1      gi|98     3967     4588 
    43    214  1       gi|2    12392    13013 
    44     47  1     gi|106    23077    23233 
    44    576  1      gi|72    10148    10302 
    45     48  1     gi|106    30809    32301 
    46     49  1     gi|106    38820    39083 
    46    552 -1       gi|7    19183    22893 
    46     74  1      gi|11     2904     4731 
    46    194  1      gi|16    32584    32728 
    46    371 -1      gi|44     9741    10485 
    46    628  1       gi|8     2214     2300 
    47     50  1     gi|107     2249     2372 
    47    530 -1      gi|65    17995    18122 
    48     51  1     gi|107     4806     4955 
    48    598 -1      gi|75     9986    10129 
    49     52  1     gi|107    12186    12994 
    49    768  1      gi|87    27765    28063 
    49    118  1     gi|118     2135     2285 
    49    564 -1      gi|71     3615     3704 
    50     53  1     gi|107    15622    15763 
    50    257 -1      gi|25     1269     2342 
    50    556 -1      gi|70       93      361 
    50    231  1      gi|22    19784    19901 
    50    232  1      gi|22    20148    20440 
    51     54  1     gi|107    19781    19853 
    51    541 -1      gi|67    16868    16937 
    52     55  1     gi|107    20303    20398 
    52    729 -1      gi|94    25205    25286 
    53     56  1     gi|107    23717    23975 
    53    343 -1      gi|39    25185    25451 
    54     57  1     gi|107    27110    27274 
    54    646 -1      gi|80     8493     8675 
    55     58  1     gi|107    31045    31299 
    55    349 -1      gi|40     5921     6171 
    56     59  1     gi|107    31642    31932 
    56     97  1     gi|113     4255     4533 
    57     60  1     gi|107    32109    32249 
    57    113  1     gi|117    11368    11526 
    58     61  1     gi|107    40163    40564 
    58    157 -1     gi|123    17993    18229 
    58    420 -1      gi|50     3466     3866 
    59     62  1     gi|107    41548    41625 
    59     85  1     gi|111     4763     4833 
    60     66  1     gi|109     9904    10067 
    60    271 -1      gi|26    11952    12105 
    61     67  1     gi|109    10433    10517 
    61    622  1      gi|79    42023    42103 
    62     68  1     gi|109    14000    15460 
    62     77  1      gi|11    10817    12317 
    62    685  1      gi|87    23944    24043 
    63     69  1     gi|109    20158    20632 
    63    463  1      gi|54    31018    31486 
    64     72  1     gi|109    26036    27515 
    64    246 -1      gi|23    17576    18362 
    65     73  1      gi|11      988     2355 
    65    251  1      gi|24     8231     8342 
    65    374 -1      gi|45     1679     3069 
    66     75  1      gi|11     4271     6573 
    67     76  1      gi|11     6649     6887 
    67    547  1      gi|69     1655     1898 
    68     78  1      gi|11    15161    15252 
    68    484 -1      gi|59    10095    10237 
    68    218 -1      gi|21      297      422 
    69     79  1     gi|110    10901    11221 
    69    421 -1      gi|50     6547     8189 
    69    362 -1      gi|43     8717    10395 
    70     80  1     gi|110    13075    13166 
    70    322 -1      gi|36    15985    16081 
    71     81  1     gi|110    17195    17922 
    71    224  1      gi|22      749     1323 
    72     82  1     gi|110    21250    21562 
    72    711  1       gi|9    28103    28384 
    73     83  1     gi|110    21446    21946 
    73    683 -1      gi|87    14996    15514 
    74     84  1     gi|111     2041     2109 
    74    580 -1      gi|73     5246     6915 
    75     86  1     gi|111    10887    11050 
    75    348 -1      gi|40     5094     5233 
    76     87  1     gi|111    11714    12297 
    76    279  1      gi|28    15276    15861 
    77     88  1     gi|111    26335    26629 
    77    430  1      gi|51        1      500 
    78     89  1     gi|111    26628    26694 
    78    140  1     gi|121    11714    11781 
    79     90  1     gi|112    17951    18613 
    79    188 -1      gi|16     4029     4756 
    80     91  1     gi|112    18639    19433 
    81     92  1     gi|112    26468    27181 
    82     93  1     gi|112    29128    29414 
    82    553  1       gi|7    22984    24292 
    82    656  1      gi|80    24865    26205 
    82    338 -1      gi|39    10600    11347 
    82    129 -1      gi|12    13146    13458 
    82    416 -1       gi|5       31      325 
    82    202  1      gi|18     2392     2596 
    83     94  1     gi|113      175      503 
    83    610 -1      gi|79     2530     2832 
    83    306  1      gi|33     1861     2008 
    84     95  1     gi|113      342     1206 
    84    496 -1       gi|6    22739    23009 
    84    499  1      gi|62        1      818 
    85     96  1     gi|113     1190     1443 
    85    494 -1       gi|6    19093    19353 
    86     99  1     gi|113    12157    12309 
    86    717 -1      gi|92     1067     1234 
    87    100  1     gi|113    18006    19140 
    87    522 -1      gi|64    29308    30488 
    87    510 -1      gi|63    33363    33839 
    88    101  1     gi|113    19551    19668 
    88    719  1      gi|92     6354     6487 
    89    102  1     gi|113    19611    20015 
    89    523 -1      gi|64    35626    36036 
    90    103  1     gi|113    20163    20286 
    90    260  1      gi|25    11014    11135 
    91    104  1     gi|113    22521    22918 
    91    203 -1      gi|18     7648     7746 
    91    555  1       gi|7    25679    26108 
    92    105  1     gi|114     7081     7172 
    92    235  1      gi|22    30080    30168 
    93    106  1     gi|114    11471    11738 
    93    253 -1      gi|24    14301    14577 
    94    107  1     gi|114    12128    15541 
    94    171  1      gi|13     2143     5306 
    95    108  1     gi|114    15889    16124 
    95    725  1      gi|94     9573     9801 
    96    109  1     gi|114    19910    20643 
    96    130 -1      gi|12    13498    14456 
    97    110  1     gi|114    31426    31524 
    97    222 -1      gi|21    15004    15105 
    98    111  1     gi|115    12040    12128 
    98    265  1      gi|25    25579    25682 
    99    112  1     gi|117     6981     7744 
    99    418 -1       gi|5    12946    13374 
    99    688  1      gi|87    29631    30381 
   100    114  1     gi|117    14565    14662 
   100    169  1     gi|125     1874     5290 
   100    220  1      gi|21    11690    13731 
   100    485 -1      gi|59    17166    18972 
   100    533 -1      gi|65    36973    39994 
   100    657 -1      gi|81        1      575 
   101    115  1     gi|117    14794    16136 
   101    481 -1      gi|59       44      184 
   101    559 -1      gi|70    14723    16051 
   102    117  1     gi|117    27579    27775 
   102    515 -1      gi|64    13766    14157 
   102    649  1      gi|80    10092    11424 
   102    516 -1      gi|64    14256    14586 
   102    201  1      gi|18        1     1307 
   102    215  1       gi|2    15431    15561 
   102    355 -1      gi|42    27564    27772 
   102    550 -1       gi|7    13797    14882 
   102    648  1      gi|80     9659     9969 
   102    647  1      gi|80     9157     9600 
   102    692  1      gi|88    12346    12488 
   103    119  1     gi|118     5644     5724 
   103    154 -1     gi|123     8435     8531 
   104    120  1     gi|118     7987     8407 
   104    756 -1      gi|98    37920    38295 
   105    121  1     gi|118    10506    10635 
   105    507 -1      gi|63    24276    24394 
   106    123  1     gi|118    26060    26163 
   106    593 -1      gi|74    22448    22825 
   106    312 -1      gi|35        1      459 
   107    124  1     gi|118    26358    26447 
   107    740 -1      gi|97     7285     7374 
   108    125  1     gi|119     7719     7995 
   108    254  1      gi|24    18047    18324 
   109    126  1      gi|12        1      119 
   109    548  1      gi|69    13889    14007 
   110    128  1      gi|12     7841     8435 
   110    350 -1      gi|40     7659     8219 
   111    133  1     gi|120     9356     9534 
   111    217 -1      gi|21      211      329 
   112    134  1     gi|120    10423    10517 
   112    249  1      gi|23    30188    30271 
   113    135  1     gi|120    12990    13054 
   113    752 -1      gi|98    23127    23189 
   114    136  1     gi|121        1      142 
   114    489  1       gi|6        5      152 
   115    138  1     gi|121     8183     8288 
   115    491 -1       gi|6      760     1357 
   115    723  1      gi|94     2176     2798 
   116    139  1     gi|121    10027    11340 
   116    392 -1      gi|46    27993    29335 
   116    720 -1      gi|92     6587     7926 
   117    141  1     gi|121    13177    13334 
   117    572 -1      gi|71    17386    17539 
   118    142  1     gi|121    16101    17031 
   119    143  1     gi|122       12      313 
   119    464 -1      gi|55        2      302 
   119    144  1     gi|122      323      558 
   120    145  1     gi|122    13910    14091 
   120    558  1      gi|70     3340     3508 
   120    588 -1      gi|74     5544     5656 
   121    146  1     gi|122    15370    16155 
   121    402  1      gi|48        5     1001 
   122    147  1     gi|122    16290    16891 
   122    403  1      gi|48      753     1360 
   123    148  1     gi|122    20201    20283 
   123    450 -1      gi|54    11741    11817 
   124    149  1     gi|123        1      249 
   124    736 -1      gi|97       32      211 
   124    150  1     gi|123      179      346 
   124    151  1     gi|123      287      439 
   125    152  1     gi|123     2958     4749 
   125    659  1      gi|81     9859     9961 
   126    153  1     gi|123     6596     6820 
   126    283 -1      gi|29     1473     1708 
   126    305 -1      gi|33     1444     1556 
   127    158  1     gi|123    18379    19807 
   127    245  1      gi|23    16772    17557 
   128    159  1     gi|123    20237    20374 
   128    238  1      gi|23     2326     2444 
   129    160  1     gi|123    20567    20664 
   129    460 -1      gi|54    29290    29393 
   130    161  1     gi|123    31550    31657 
   130    467 -1      gi|56     6328     6438 
   131    162  1     gi|123    32318    32592 
   131    493  1       gi|6    11317    11591 
   132    163  1     gi|123    34315    34356 
   132    223  1      gi|22        1       42 
   133    164  1     gi|124      687     1160 
   133    538  1      gi|67    11267    11707 
   134    165  1     gi|124     2272     2492 
   134    449 -1      gi|54    11306    11543 
   135    166  1     gi|124     2403     3812 
   136    168  1     gi|125      623      725 
   136    590  1      gi|74    10120    10234 
   137    170  1      gi|13      447      686 
   137    469 -1      gi|56     8664     8906 
   138    172  1      gi|13    15250    15315 
   138    652 -1      gi|80    15986    16052 
   139    173  1      gi|13    15518    17301 
   139    187  1      gi|15    17374    17462 
   140    174  1      gi|13    20497    21603 
   140    387  1      gi|46    11155    12231 
   141    175  1      gi|13    22524    22633 
   141    210  1      gi|19     3397     3492 
   142    176  1      gi|13    31094    31678 
   142    417 -1       gi|5    10975    11572 
   143    177  1      gi|13    38448    38911 
   143    511 -1      gi|63    34941    35437 
   144    178  1      gi|14      190      449 
   144    437 -1      gi|52     3387     3678 
   145    179  1      gi|15     1735     2927 
   145    405  1      gi|48    14744    15899 
   145    492  1       gi|6     6987     7223 
   146    180  1      gi|15     4355     5565 
   146    342  1      gi|39    23792    24973 
   146    183  1      gi|15     8373     9224 
   147    184  1      gi|15    11734    12280 
   147    518 -1      gi|64    18086    19041 
   147    340 -1      gi|39    14230    15124 
   147    441 -1      gi|53    19282    19700 
   147    700  1      gi|89     6222     6296 
   148    185  1      gi|15    12864    13759 
   148    741 -1      gi|97     8084     9383 
   148    339 -1      gi|39    12809    14083 
   148    517 -1      gi|64    16836    17910 
   148    366  1      gi|43    20495    20689 
   148    384 -1      gi|46     6391     6906 
   149    186  1      gi|15    15472    17128 
   149    537 -1      gi|67     8425     8738 
   150    189  1      gi|16    12482    13098 
   150    655 -1      gi|80    20135    20759 
   150    411  1      gi|49    27292    27454 
   150    462  1      gi|54    30161    30767 
   151    190  1      gi|16    16366    16542 
   151    603  1      gi|77     1674     1841 
   152    191  1      gi|16    17100    18250 
   152    378 -1      gi|45    29227    29343 
   152    427  1      gi|50    25822    26443 
   152    669 -1      gi|83     2665     2878 
   153    192  1      gi|16    19467    19625 
   153    337 -1      gi|39     2187     2736 
   154    193  1      gi|16    26469    27558 
   154    287 -1       gi|3     4167     4546 
   154    708 -1       gi|9    15591    16700 
   155    195  1      gi|16    34863    34973 
   155    318 -1      gi|36     8485     8589 
   156    196  1      gi|16    39648    39753 
   156    433  1      gi|52        1      106 
   157    197  1      gi|17    10872    13061 
   157    695 -1      gi|88    20517    22677 
   158    198  1      gi|17    13634    15466 
   158    694 -1      gi|88    18422    20293 
   158    358  1      gi|42    30932    31047 
   159    199  1      gi|17    19177    19328 
   159    240  1      gi|23     4916     5079 
   160    204  1      gi|18    10574    11260 
   160    428  1      gi|50    36301    36987 
   161    205  1      gi|18    12082    13094 
   161    712 -1       gi|9    30288    31288 
   162    206  1      gi|18    15631    17222 
   162    454 -1      gi|54    19167    20745 
   162    524  1      gi|64    36111    37437 
   163    207  1      gi|18    24677    25028 
   163    750 -1      gi|98    13011    13352 
   163    227 -1      gi|22    14714    14988 
   163    319  1      gi|36     9168     9273 
   164    208  1      gi|18    27315    27912 
   164    623  1      gi|79    43936    44726 
   164    419 -1       gi|5    14218    14997 
   165    211  1      gi|19     4219     4609 
   165    597  1      gi|75     7919     8318 
   166    212  1       gi|2     6200     6563 
   166    583 -1      gi|73    17335    17599 
   166    749  1      gi|98     7792     8042 
   167    216  1       gi|2    16582    16740 
   167    521 -1      gi|64    25513    25680 
   168    219  1      gi|21     2696     2821 
   168    571  1      gi|71    14692    14828 
   169    221  1      gi|21    14036    14321 
   170    225  1      gi|22     7692     7842 
   170    604  1      gi|77     6722     6875 
   171    228  1      gi|22    15728    15850 
   171    751  1      gi|98    18314    18439 
   171    248 -1      gi|23    21852    21898 
   172    229  1      gi|22    18716    18807 
   172    582  1      gi|73    16561    16643 
   173    230  1      gi|22    19280    19491 
   173    365 -1      gi|43    18697    18899 
   174    233  1      gi|22    27015    27104 
   175    236  1      gi|22    31519    32501 
   175    321 -1      gi|36    13116    14112 
   176    237  1      gi|23      218      376 
   176    479 -1      gi|58    11722    11881 
   177    239  1      gi|23     3862     4205 
   177    513  1      gi|64     1054     1397 
   178    241  1      gi|23     5709     5959 
   178    273 -1      gi|27      240      484 
   179    242  1      gi|23    10199    11018 
   179    477 -1      gi|58     4376     5163 
   180    243  1      gi|23    14780    14886 
   180    731  1      gi|94    31610    31721 
   181    244  1      gi|23    16007    16117 
   181    288 -1       gi|3     5025     5136 
   182    252  1      gi|24    13441    13553 
   182    703  1      gi|89    11760    11875 
   183    256  1      gi|25      550     1240 
   183    508  1      gi|63    24899    25031 
   183    664 -1      gi|82      585      712 
   184    258  1      gi|25     2172     5266 
   184    557  1      gi|70      413     3422 
   185    259  1      gi|25     9823    10016 
   185    613  1      gi|79     9780     9997 
   186    261  1      gi|25    11527    12367 
   187    262  1      gi|25    13080    13156 
   187    398 -1      gi|47     8854     8941 
   188    263  1      gi|25    16340    16457 
   188    269 -1      gi|26     3816     3942 
   189    264  1      gi|25    20739    20831 
   189    382 -1      gi|46     2712     2781 
   190    266  1      gi|25    29270    30063 
   190    422 -1      gi|50     8296     9017 
   190    716 -1      gi|90     3154     3264 
   191    267  1      gi|25    37525    38460 
   191    596 -1      gi|75     2545     3490 
   192    268  1      gi|26        1      127 
   192    480  1      gi|58    12223    12349 
   193    270  1      gi|26     5419     5806 
   193    281 -1      gi|29      526      784 
   193    282 -1      gi|29      773     1164 
   194    272  1      gi|27        1      127 
   194    679  1      gi|85    33884    34010 
   195    274  1      gi|27     7649     8023 
   196    277  1      gi|28     9438    10042 
   196    291  1      gi|30     5777     6616 
   196    444 -1      gi|53    24604    25441 
   197    278  1      gi|28    11548    15069 
   198    280  1      gi|28    17970    19168 
   198    367 -1      gi|44        1     1199 
   199    285  1       gi|3        1      557 
   199    436 -1      gi|52     2918     3491 
   199    602  1      gi|77        1      126 
   200    286  1       gi|3     3690     3769 
   200    764 -1       gi|9    24484    24582 
   200    765  1      gi|87     7687     7759 
   201    289  1      gi|30     1141     2249 
   201    584  1      gi|73    28944    30053 
   202    290  1      gi|30     3549     5126 
   202    605 -1      gi|78        2     1582 
   203    292  1      gi|30    10861    10958 
   203    674 -1      gi|85    16434    16531 
   204    293  1      gi|31     7370     7408 
   204    455  1      gi|54    21175    21213 
   205    294  1      gi|31     7938     9411 
   206    295  1      gi|31    20513    24060 
   206    534  1      gi|67     1670     1876 
   206    585 -1      gi|73    34831    38350 
   207    296  1      gi|31    27198    27392 
   207    758  1      gi|99        1      870 
   207    735  1      gi|96     1282     1398 
   207    473 -1      gi|57     8503     8630 
   208    297  1      gi|32     2842     2994 
   208    529  1      gi|65    12514    14646 
   208    762  1     gi|100    14489    16657 
   209    298  1      gi|32     3203     3845 
   209    739  1      gi|97     5419     6129 
   209    592  1      gi|74    19219    19938 
   210    299  1      gi|32     4962     5076 
   210    396  1      gi|47     5141     5257 
   211    300  1      gi|32     6732     7036 
   211    332  1      gi|36    39404    39687 
   212    301  1      gi|32     6999     7186 
   212    333  1      gi|36    39773    39996 
   213    302  1      gi|32     7665     7949 
   213    446  1      gi|54       51      329 
   214    303  1      gi|32    16350    17532 
   214    373  1      gi|44    22801    23574 
   214    567 -1      gi|71     8588     8686 
   214    771 -1      gi|45    33436    35191 
   214    304  1      gi|32    16985    18829 
   214    414 -1      gi|49    32965    33020 
   215    307  1      gi|33     4094     6005 
   215    393  1      gi|46    29632    31490 
   216    308  1      gi|33     7543     7960 
   216    763  1       gi|9    23488    24484 
   216    629 -1       gi|8     2839     3896 
   216    766 -1      gi|87     7785     8754 
   216    660 -1      gi|81    14571    14749 
   216    586 -1      gi|73    38453    38581 
   216    757  1      gi|98    39083    39449 
   217    310  1      gi|34     6703     7192 
   217    715  1       gi|9    35102    35648 
   217    728 -1      gi|94    16666    16784 
   218    311  1      gi|34     8839     8897 
   218    431 -1      gi|51     3990     4992 
   218    542  1      gi|67    17321    18317 
   219    313  1      gi|35      418      528 
   220    314  1      gi|35     2748     4775 
   220    351 -1      gi|40    15974    17857 
   220    620 -1      gi|79    36395    36991 
   220    732  1      gi|94    39617    39996 
   221    315  1      gi|35     4859     5095 
   221    734 -1      gi|96      822     1190 
   221    772 -1      gi|79    34455    35319 
   221    459 -1      gi|54    27416    28265 
   222    316  1      gi|36        1      139 
   222    578 -1      gi|73        1      139 
   223    317  1      gi|36     6594     6896 
   224    320  1      gi|36    10010    10090 
   224    360  1      gi|43     3727     3810 
   225    323  1      gi|36    16748    16894 
   225    551 -1       gi|7    16709    17874 
   225    653 -1      gi|80    17046    18163 
   226    324  1      gi|36    20319    21143 
   226    426 -1      gi|50    18712    19512 
   227    325  1      gi|36    21611    21753 
   227    543  1      gi|67    18549    20084 
   228    327  1      gi|36    23135    25216 
   229    328  1      gi|36    30849    31633 
   229    519 -1      gi|64    23425    24169 
   230    329  1      gi|36    33404    34246 
   230    632  1       gi|8    28226    28967 
   230    645 -1      gi|80     7134     8045 
   231    330  1      gi|36    34890    35366 
   231    633  1       gi|8    29333    29798 
   232    331  1      gi|36    35417    36241 
   232    634  1       gi|8    29982    30859 
   232    407  1      gi|49     6145     6252 
   233    334  1      gi|37     1463     1610 
   233    470 -1      gi|57       17      506 
   233    364 -1      gi|43    16686    17171 
   234    335  1      gi|38     1335     1448 
   234    413  1      gi|49    30006    30119 
   235    336  1      gi|39     1105     1363 
   235    458  1      gi|54    25335    25597 
   236    341  1      gi|39    15666    17136 
   236    658 -1      gi|81     5385     6797 
   236    697  1      gi|88    28185    28286 
   237    346  1       gi|4    16099    17106 
   237    404 -1      gi|48    13618    14624 
   238    347  1      gi|40      396      471 
   238    483 -1      gi|59     1280     5235 
   239    352  1      gi|40    27656    27891 
   239    721  1      gi|93        1      236 
   240    354  1      gi|42    19901    20452 
   240    730  1      gi|94    29560    30110 
   241    356  1      gi|42    28973    29075 
   241    639 -1       gi|8    40370    40471 
   242    357  1      gi|42    29577    29654 
   242    640 -1       gi|8    41069    41143 
   243    359  1      gi|43     2150     2536 
   243    391  1      gi|46    25958    26338 
   244    361  1      gi|43     6295     6439 
   244    478  1      gi|58     7690     7830 
   245    363  1      gi|43    16264    16740 
   245    434 -1      gi|52     1351     1786 
   245    520 -1      gi|64    24322    24637 
   246    369  1      gi|44     7133     8656 
   246    545  1      gi|68     1920     2026 
   247    370  1      gi|44     9021     9547 
   248    372  1      gi|44    10904    11928 
   248    770 -1      gi|22    10897    12203 
   248    565 -1      gi|71     4585     5916 
   249    375  1      gi|45    12632    12709 
   249    532  1      gi|65    36776    36853 
   250    376  1      gi|45    13424    13531 
   250    566 -1      gi|71     7119     7229 
   251    377  1      gi|45    22507    22609 
   251    409 -1      gi|49    17629    17728 
   252    379  1      gi|45    31899    31989 
   252    383  1      gi|46     2748     2835 
   253    385  1      gi|46     7780     8461 
   253    743  1      gi|97    10686    11675 
   254    386  1      gi|46     9655    10116 
   254    554 -1       gi|7    25069    25500 
   255    389  1      gi|46    19493    20315 
   255    690  1      gi|88     8168     8986 
   255    448 -1      gi|54     8497     9192 
   256    390  1      gi|46    20478    20906 
   256    527 -1      gi|65     9801    10232 
   257    394  1      gi|47        1      236 
   257    601  1      gi|76     5017     5299 
   257    395  1      gi|47      188      360 
   258    397  1      gi|47     7433     7582 
   258    742  1      gi|97     9627     9780 
   259    399  1      gi|47    14472    14555 
   259    577 -1      gi|72    15068    15148 
   259    400  1      gi|47    14536    14619 
   259    401  1      gi|47    14600    14650 
   260    406  1      gi|48    20914    21065 
   260    506 -1      gi|63    14574    14719 
   261    408  1      gi|49    16477    16719 
   261    702 -1      gi|89     8635     9991 
   261    713 -1       gi|9    32201    33562 
   261    769  1      gi|22    10864    10896 
   262    410  1      gi|49    20593    20899 
   262    612 -1      gi|79     8479     8803 
   263    412  1      gi|49    28731    28808 
   263    614  1      gi|79    17362    17436 
   264    415  1      gi|49    39932    40164 
   264    466  1      gi|55     4775     4994 
   265    423  1      gi|50    12205    12467 
   265    748 -1      gi|98     5747     6013 
   266    425  1      gi|50    18416    18623 
   266    570 -1      gi|71    12417    12624 
   267    429  1      gi|50    38847    39144 
   267    626  1       gi|8        1      309 
   268    432  1      gi|51     8500     8747 
   268    594  1      gi|75        1      128 
   268    595  1      gi|75       93      460 
   269    435  1      gi|52     2307     2576 
   269    587 -1      gi|74     2591     2881 
   270    438  1      gi|53        1       94 
   270    668 -1      gi|83      125      218 
   271    439  1      gi|53     1353     1390 
   271    490 -1       gi|6      114      213 
   271    615 -1      gi|79    24552    24665 
   272    440  1      gi|53     5426     5567 
   272    722  1      gi|93     5918     6061 
   273    442  1      gi|53    22826    22904 
   273    651  1      gi|80    15412    15490 
   274    443  1      gi|53    23332    23744 
   274    654 -1      gi|80    19218    19636 
   275    447  1      gi|54     8050     8226 
   275    531  1      gi|65    21900    22061 
   276    451  1      gi|54    12426    12762 
   276    504  1      gi|63     4086     4464 
   277    452  1      gi|54    13877    13973 
   277    724  1      gi|94     4664     4769 
   278    453  1      gi|54    17905    18081 
   278    536 -1      gi|67     4412     4860 
   278    705  1       gi|9     4592     5022 
   279    456  1      gi|54    22761    23063 
   280    457  1      gi|54    23616    24157 
   280    699 -1      gi|89     5483     6057 
   281    465  1      gi|55      324      894 
   281    546  1      gi|68     2587     3167 
   282    468  1      gi|56     7064     8198 
   282    611 -1      gi|79     5872     7011 
   283    472  1      gi|57     8116     8534 
   284    474  1      gi|58        1      314 
   284    642 -1      gi|80        1      122 
   285    475  1      gi|58     1421     1993 
   285    691 -1      gi|88    11263    11829 
   286    476  1      gi|58     3170     3340 
   286    540  1      gi|67    14945    15274 
   287    487  1      gi|59    23865    24090 
   287    678 -1      gi|85    32004    32238 
   288    488  1      gi|59    29161    29287 
   288    573 -1      gi|71    17578    17704 
   289    495  1       gi|6    19359    19477 
   289    500 -1      gi|62      875      992 
   290    497  1      gi|61     3615     3713 
   290    662  1      gi|81    18145    18237 
   291    501  1      gi|62     2373     2721 
   291    606  1      gi|78     2344     2683 
   292    502  1      gi|63     1039     1890 
   292    754 -1      gi|98    30897    31761 
   293    503  1      gi|63     2223     3213 
   293    753 -1      gi|98    29772    30769 
   294    505  1      gi|63    12646    12713 
   294    673  1      gi|85    10467    10533 
   295    509  1      gi|63    25522    25616 
   295    686 -1      gi|87    25310    25400 
   296    512  1      gi|64      785      985 
   296    591  1      gi|74    13097    13288 
   297    514  1      gi|64    11916    12373 
   298    526  1      gi|65      483     1412 
   298    661  1      gi|81    15766    16620 
   299    535  1      gi|67     3339     4245 
   299    589  1      gi|74     8897     9326 
   299    706 -1       gi|9     5051     5975 
   300    549  1       gi|7    13572    13921 
   300    650 -1      gi|80    11496    11845 
   301    562  1      gi|71        3      413 
   301    607 -1      gi|78     3870     6002 
   301    760  1      gi|99    12073    13788 
   301    755 -1      gi|98    32336    34784 
   301    761 -1     gi|100    14363    14488 
   302    563  1      gi|71     1402     2343 
   302    621 -1      gi|79    39497    40573 
   302    693  1      gi|88    17320    18400 
   303    569  1      gi|71    11816    11926 
   303    575 -1      gi|72     5131     5246 
   304    574  1      gi|72     2503     2645 
   304    627 -1       gi|8      666     2045 
   305    599  1      gi|75    12017    12311 
   305    671 -1      gi|84     4646     5044 
   306    600  1      gi|76     1540     1663 
   306    727  1      gi|94    15780    15910 
   307    608  1      gi|78     6245     9822 
   308    609  1      gi|79      484     1583 
   308    747 -1      gi|98     4654     5737 
   309    637  1       gi|8    37058    37622 
   309    738  1      gi|97     4593     5145 
   310    641  1       gi|8    43366    44595 
   310    676 -1      gi|85    21226    22429 
   311    643  1      gi|80     4326     5178 
   311    665  1      gi|82     9651    10533 
   312    644  1      gi|80     5779     6652 
   313    666  1      gi|82    13963    14134 
   313    698 -1      gi|89     3979     4156 
   314    667  1      gi|82    15398    15631 
   314    704 -1      gi|89    12338    12660 
   315    672  1      gi|85     5142     5225 
   315    726 -1      gi|94    11121    11198 
   316    675  1      gi|85    20377    20562 
   316    714 -1       gi|9    34040    34207 
   317    684  1      gi|87    20946    21664 
   317    689 -1      gi|88     2706     3413 
   318    707  1       gi|9    13120    14414 
   318    718 -1      gi|92     2846     4141 
   319    709  1       gi|9    21226    21905 
   319    745 -1      gi|98      572     1246 
