1 gi|1 1537 2687
2 gi|10 1 207
3 gi|10 1514 1960
4 gi|10 2081 2384
5 gi|10 9857 10497
6 gi|100 533 605
7 gi|100 976 2487
8 gi|100 3401 3559
9 gi|100 6494 7365
10 gi|100 10858 12033
11 gi|100 14363 16657
12 gi|100 16783 18045
13 gi|100 22988 23081
14 gi|100 24968 25056
15 gi|100 29392 29446
16 gi|100 31323 31669
17 gi|101 7139 7265
18 gi|102 1113 1760
19 gi|102 5001 5579
20 gi|102 7473 7589
21 gi|102 10317 10469
22 gi|103 1 279
23 gi|103 10213 10339
24 gi|104 1 146
25 gi|104 1694 1775
26 gi|104 3497 3702
27 gi|104 7287 7392
28 gi|104 8045 8569
29 gi|104 8966 9117
30 gi|104 11155 11285
31 gi|105 24 322
32 gi|105 238 475
33 gi|105 2447 2557
34 gi|105 2693 2845
35 gi|105 3256 4028
36 gi|105 6643 7668
37 gi|105 7892 8129
38 gi|106 1 46
39 gi|106 62 1334
40 gi|106 1574 2112
41 gi|106 2542 3342
42 gi|106 4032 4249
43 gi|106 4231 4982
44 gi|106 4941 5078
45 gi|106 13417 13504
46 gi|106 21284 21871
47 gi|106 23077 23233
48 gi|106 30809 32301
49 gi|106 38820 39083
50 gi|107 2249 2372
51 gi|107 4806 4955
52 gi|107 12186 12994
53 gi|107 15622 15763
54 gi|107 19781 19853
55 gi|107 20303 20398
56 gi|107 23717 23975
57 gi|107 27110 27274
58 gi|107 31045 31299
59 gi|107 31642 31932
60 gi|107 32109 32249
61 gi|107 40163 40564
62 gi|107 41548 41625
63 gi|108 181 288
64 gi|109 1 1150
65 gi|109 8506 8597
66 gi|109 9904 10067
67 gi|109 10433 10517
68 gi|109 14000 15460
69 gi|109 20158 20632
70 gi|109 24136 24288
71 gi|109 25391 25541
72 gi|109 26036 27515
73 gi|11 988 2355
74 gi|11 2902 4731
75 gi|11 4271 6573
76 gi|11 6649 6887
77 gi|11 10817 12317
78 gi|11 15161 15252
79 gi|110 10897 11221
80 gi|110 13075 13166
81 gi|110 17195 17922
82 gi|110 21250 21562
83 gi|110 21446 21946
84 gi|111 2041 2109
85 gi|111 4763 4833
86 gi|111 10887 11050
87 gi|111 11714 12297
88 gi|111 26334 26629
89 gi|111 26628 26694
90 gi|112 17942 18613
91 gi|112 18639 19433
92 gi|112 26468 27181
93 gi|112 29128 29414
94 gi|113 175 503
95 gi|113 342 1206
96 gi|113 1190 1443
97 gi|113 4255 4533
98 gi|113 11036 11755
99 gi|113 12157 12309
100 gi|113 18006 19140
101 gi|113 19551 19668
102 gi|113 19611 20015
103 gi|113 20163 20286
104 gi|113 22521 22918
105 gi|114 7081 7172
106 gi|114 11471 11738
107 gi|114 12128 15551
108 gi|114 15889 16124
109 gi|114 19910 20643
110 gi|114 31426 31524
111 gi|115 12040 12128
112 gi|117 6981 7744
113 gi|117 11368 11526
114 gi|117 14565 14662
115 gi|117 14791 16136
116 gi|117 18269 22165
117 gi|117 27579 27775
118 gi|118 2135 2285
119 gi|118 5644 5724
120 gi|118 7987 8407
121 gi|118 10506 10635
122 gi|118 23663 23828
123 gi|118 26060 26164
124 gi|118 26358 26447
125 gi|119 7719 7995
126 gi|12 1 119
127 gi|12 481 618
128 gi|12 7841 8435
129 gi|12 13146 13458
130 gi|12 13498 14456
131 gi|120 1 131
132 gi|120 928 1028
133 gi|120 9356 9534
134 gi|120 10423 10517
135 gi|120 12990 13054
136 gi|121 1 142
137 gi|121 4647 4809
138 gi|121 8183 8288
139 gi|121 10027 11340
140 gi|121 11714 11781
141 gi|121 13177 13334
142 gi|121 16101 17031
143 gi|122 12 313
144 gi|122 323 558
145 gi|122 13910 14091
146 gi|122 15370 16155
147 gi|122 16290 16891
148 gi|122 20201 20283
149 gi|123 1 249
150 gi|123 179 346
151 gi|123 287 439
152 gi|123 2958 4749
153 gi|123 6596 6820
154 gi|123 8435 8531
155 gi|123 15887 16408
156 gi|123 16988 17213
157 gi|123 17993 18229
158 gi|123 18379 19807
159 gi|123 20237 20374
160 gi|123 20567 20664
161 gi|123 31550 31657
162 gi|123 32318 32592
163 gi|123 34315 34356
164 gi|124 687 1160
165 gi|124 2272 2492
166 gi|124 2403 3812
167 gi|125 1 195
168 gi|125 623 725
169 gi|125 1874 5290
170 gi|13 447 686
171 gi|13 2143 5306
172 gi|13 15250 15315
173 gi|13 15518 17301
174 gi|13 20497 21603
175 gi|13 22524 22633
176 gi|13 31094 31678
177 gi|13 38448 38911
178 gi|14 190 449
179 gi|15 1735 2927
180 gi|15 4355 5565
181 gi|15 6195 7432
182 gi|15 7540 8063
183 gi|15 8373 9224
184 gi|15 11734 12280
185 gi|15 12864 13759
186 gi|15 15472 17128
187 gi|15 17374 17466
188 gi|16 4029 4756
189 gi|16 12482 13098
190 gi|16 16366 16542
191 gi|16 17100 18250
192 gi|16 19467 19625
193 gi|16 26469 27558
194 gi|16 32584 32728
195 gi|16 34863 34973
196 gi|16 39648 39753
197 gi|17 10872 13061
198 gi|17 13634 15466
199 gi|17 19177 19328
200 gi|17 19274 19552
201 gi|18 1 1307
202 gi|18 2392 2596
203 gi|18 7646 7751
204 gi|18 10574 11260
205 gi|18 12082 13094
206 gi|18 15630 17222
207 gi|18 24677 25028
208 gi|18 27314 27912
209 gi|18 30998 31143
210 gi|19 3397 3492
211 gi|19 4219 4609
212 gi|2 6200 6563
213 gi|2 10453 11744
214 gi|2 12392 13013
215 gi|2 15431 15561
216 gi|2 16582 16740
217 gi|21 211 329
218 gi|21 297 422
219 gi|21 2696 2821
220 gi|21 11686 13733
221 gi|21 14036 14321
222 gi|21 15004 15105
223 gi|22 1 42
224 gi|22 749 1323
225 gi|22 7692 7842
226 gi|22 10864 12203
227 gi|22 14714 14988
228 gi|22 15728 15850
229 gi|22 18716 18807
230 gi|22 19280 19491
231 gi|22 19784 19901
232 gi|22 20148 20440
233 gi|22 27015 27104
234 gi|22 28847 29472
235 gi|22 30080 30168
236 gi|22 31519 32501
237 gi|23 218 376
238 gi|23 2326 2444
239 gi|23 3862 4205
240 gi|23 4916 5079
241 gi|23 5709 5959
242 gi|23 10199 11018
243 gi|23 14780 14886
244 gi|23 16007 16117
245 gi|23 16772 17557
246 gi|23 17576 18362
247 gi|23 21399 21507
248 gi|23 21852 21898
249 gi|23 30188 30271
250 gi|23 35598 35918
251 gi|24 8231 8342
252 gi|24 13441 13553
253 gi|24 14301 14577
254 gi|24 18047 18324
255 gi|25 1 146
256 gi|25 545 1240
257 gi|25 1269 2342
258 gi|25 2172 5266
259 gi|25 9823 10016
260 gi|25 11014 11135
261 gi|25 11527 12367
262 gi|25 13080 13156
263 gi|25 16340 16457
264 gi|25 20739 20831
265 gi|25 25579 25682
266 gi|25 29270 30063
267 gi|25 37525 38460
268 gi|26 1 127
269 gi|26 3816 3942
270 gi|26 5419 5807
271 gi|26 11952 12105
272 gi|27 1 127
273 gi|27 240 484
274 gi|27 7649 8023
275 gi|27 8849 8953
276 gi|28 6785 8057
277 gi|28 9438 10042
278 gi|28 11548 15069
279 gi|28 15276 15861
280 gi|28 17970 19168
281 gi|29 526 784
282 gi|29 773 1164
283 gi|29 1469 1708
284 gi|29 3814 4046
285 gi|3 1 557
286 gi|3 3690 3769
287 gi|3 4167 4546
288 gi|3 5025 5136
289 gi|30 1141 2249
290 gi|30 3549 5126
291 gi|30 5777 6617
292 gi|30 10861 10958
293 gi|31 7370 7408
294 gi|31 7938 9411
295 gi|31 20513 24060
296 gi|31 27198 27392
297 gi|32 2842 2994
298 gi|32 3203 3845
299 gi|32 4962 5076
300 gi|32 6732 7036
301 gi|32 6999 7186
302 gi|32 7665 7949
303 gi|32 16350 17532
304 gi|32 16985 18829
305 gi|33 1444 1556
306 gi|33 1861 2008
307 gi|33 4094 6005
308 gi|33 7543 7960
309 gi|34 4502 5663
310 gi|34 6703 7192
311 gi|34 8839 8897
312 gi|35 1 459
313 gi|35 418 528
314 gi|35 2748 4775
315 gi|35 4859 5095
316 gi|36 1 139
317 gi|36 6594 6896
318 gi|36 8485 8589
319 gi|36 9168 9273
320 gi|36 10010 10090
321 gi|36 13116 14112
322 gi|36 15985 16081
323 gi|36 16748 16894
324 gi|36 20315 21143
325 gi|36 21611 21753
326 gi|36 22834 23348
327 gi|36 23135 25216
328 gi|36 30849 31633
329 gi|36 33404 34246
330 gi|36 34890 35366
331 gi|36 35417 36241
332 gi|36 39404 39687
333 gi|36 39773 39996
334 gi|37 1463 1610
335 gi|38 1335 1448
336 gi|39 1105 1363
337 gi|39 2187 2736
338 gi|39 10600 11347
339 gi|39 12808 14083
340 gi|39 14230 15124
341 gi|39 15666 17136
342 gi|39 23792 24973
343 gi|39 25185 25451
344 gi|39 25496 25541
345 gi|4 11776 11987
346 gi|4 16099 17106
347 gi|40 396 471
348 gi|40 5094 5233
349 gi|40 5921 6171
350 gi|40 7659 8219
351 gi|40 15974 17857
352 gi|40 27656 27891
353 gi|42 7378 8552
354 gi|42 19901 20452
355 gi|42 27563 27772
356 gi|42 28973 29075
357 gi|42 29577 29654
358 gi|42 30932 31047
359 gi|43 2150 2536
360 gi|43 3727 3810
361 gi|43 6295 6439
362 gi|43 8717 10395
363 gi|43 16264 16740
364 gi|43 16686 17171
365 gi|43 18697 18899
366 gi|43 20495 20689
367 gi|44 1 1199
368 gi|44 1241 1349
369 gi|44 7133 8656
370 gi|44 9021 9547
371 gi|44 9739 10485
372 gi|44 10904 11928
373 gi|44 22793 23578
374 gi|45 1679 3069
375 gi|45 12632 12709
376 gi|45 13424 13531
377 gi|45 22507 22609
378 gi|45 29227 29343
379 gi|45 31899 31989
380 gi|45 31975 32065
381 gi|45 33407 35196
382 gi|46 2712 2781
383 gi|46 2748 2835
384 gi|46 6391 6906
385 gi|46 7777 8465
386 gi|46 9655 10116
387 gi|46 11155 12231
388 gi|46 19183 19328
389 gi|46 19493 20315
390 gi|46 20478 20906
391 gi|46 25958 26338
392 gi|46 27993 29335
393 gi|46 29632 31490
394 gi|47 1 236
395 gi|47 188 360
396 gi|47 5141 5257
397 gi|47 7433 7582
398 gi|47 8854 8941
399 gi|47 14472 14555
400 gi|47 14536 14619
401 gi|47 14600 14650
402 gi|48 4 1001
403 gi|48 753 1360
404 gi|48 13618 14624
405 gi|48 14744 15899
406 gi|48 20914 21065
407 gi|49 6145 6252
408 gi|49 16477 16719
409 gi|49 17629 17728
410 gi|49 20593 20899
411 gi|49 27292 27454
412 gi|49 28731 28808
413 gi|49 30006 30119
414 gi|49 32965 33020
415 gi|49 39932 40164
416 gi|5 31 327
417 gi|5 10975 11572
418 gi|5 12946 13374
419 gi|5 14218 14997
420 gi|50 3466 3866
421 gi|50 6547 8189
422 gi|50 8296 9017
423 gi|50 12205 12467
424 gi|50 16625 17945
425 gi|50 18416 18623
426 gi|50 18712 19512
427 gi|50 25822 26443
428 gi|50 36301 36987
429 gi|50 38847 39144
430 gi|51 1 500
431 gi|51 3990 4997
432 gi|51 8500 8748
433 gi|52 1 106
434 gi|52 1351 1786
435 gi|52 2307 2576
436 gi|52 2918 3491
437 gi|52 3387 3678
438 gi|53 1 94
439 gi|53 1353 1390
440 gi|53 5426 5567
441 gi|53 19282 19700
442 gi|53 22826 22904
443 gi|53 23332 23744
444 gi|53 24604 25441
445 gi|53 26242 27456
446 gi|54 51 329
447 gi|54 8050 8226
448 gi|54 8497 9192
449 gi|54 11306 11543
450 gi|54 11741 11817
451 gi|54 12426 12762
452 gi|54 13877 13973
453 gi|54 17905 18081
454 gi|54 19167 20746
455 gi|54 21175 21213
456 gi|54 22761 23063
457 gi|54 23616 24157
458 gi|54 25335 25597
459 gi|54 27416 28265
460 gi|54 29290 29393
461 gi|54 29873 29990
462 gi|54 30161 30767
463 gi|54 31018 31486
464 gi|55 2 302
465 gi|55 324 894
466 gi|55 4775 4994
467 gi|56 6328 6438
468 gi|56 7064 8198
469 gi|56 8664 8906
470 gi|57 15 506
471 gi|57 7778 8081
472 gi|57 8116 8534
473 gi|57 8503 8630
474 gi|58 1 323
475 gi|58 1421 1993
476 gi|58 3170 3340
477 gi|58 4376 5163
478 gi|58 7690 7830
479 gi|58 11722 11881
480 gi|58 12223 12349
481 gi|59 44 184
482 gi|59 852 1158
483 gi|59 1280 5235
484 gi|59 10092 10237
485 gi|59 17166 18972
486 gi|59 20744 20834
487 gi|59 23865 24090
488 gi|59 29161 29287
489 gi|6 5 152
490 gi|6 114 213
491 gi|6 760 1360
492 gi|6 6987 7223
493 gi|6 11317 11591
494 gi|6 19093 19353
495 gi|6 19359 19477
496 gi|6 22739 23009
497 gi|61 3615 3713
498 gi|61 3792 3933
499 gi|62 1 818
500 gi|62 875 992
501 gi|62 2373 2721
502 gi|63 1039 1890
503 gi|63 2223 3213
504 gi|63 4086 4464
505 gi|63 12646 12713
506 gi|63 14574 14719
507 gi|63 24276 24394
508 gi|63 24899 25031
509 gi|63 25522 25616
510 gi|63 33363 33839
511 gi|63 34941 35437
512 gi|64 785 985
513 gi|64 1054 1397
514 gi|64 11916 12373
515 gi|64 13766 14157
516 gi|64 14256 14586
517 gi|64 16836 17910
518 gi|64 18086 19041
519 gi|64 23425 24169
520 gi|64 24322 24637
521 gi|64 25513 25680
522 gi|64 29308 30488
523 gi|64 35626 36036
524 gi|64 36110 37438
525 gi|65 40 94
526 gi|65 483 1412
527 gi|65 9801 10232
528 gi|65 10802 11956
529 gi|65 12514 14646
530 gi|65 17995 18122
531 gi|65 21900 22061
532 gi|65 36776 36853
533 gi|65 36973 40000
534 gi|67 1670 1876
535 gi|67 3339 4245
536 gi|67 4412 4860
537 gi|67 8425 8738
538 gi|67 11267 11707
539 gi|67 12535 12612
540 gi|67 14945 15274
541 gi|67 16868 16937
542 gi|67 17321 18317
543 gi|67 18549 20084
544 gi|67 19865 20398
545 gi|68 1920 2028
546 gi|68 2587 3167
547 gi|69 1655 1898
548 gi|69 13889 14007
549 gi|7 13572 13921
550 gi|7 13797 14882
551 gi|7 16709 17874
552 gi|7 19183 22893
553 gi|7 22984 24292
554 gi|7 25069 25500
555 gi|7 25679 26108
556 gi|70 93 361
557 gi|70 413 3422
558 gi|70 3340 3508
559 gi|70 14723 16051
560 gi|70 16090 16289
561 gi|70 16340 20251
562 gi|71 3 415
563 gi|71 1402 2343
564 gi|71 3615 3704
565 gi|71 4583 5916
566 gi|71 7119 7229
567 gi|71 8588 8686
568 gi|71 9259 9538
569 gi|71 11816 11926
570 gi|71 12417 12624
571 gi|71 14692 14828
572 gi|71 17386 17539
573 gi|71 17578 17704
574 gi|72 2503 2645
575 gi|72 5131 5246
576 gi|72 10148 10302
577 gi|72 15068 15148
578 gi|73 1 139
579 gi|73 542 632
580 gi|73 5246 6915
581 gi|73 10081 10229
582 gi|73 16561 16643
583 gi|73 17335 17599
584 gi|73 28944 30053
585 gi|73 34831 38350
586 gi|73 38453 38581
587 gi|74 2591 2881
588 gi|74 5544 5656
589 gi|74 8897 9326
590 gi|74 10120 10234
591 gi|74 13097 13288
592 gi|74 19219 19938
593 gi|74 22448 22826
594 gi|75 1 128
595 gi|75 93 460
596 gi|75 2545 3490
597 gi|75 7919 8318
598 gi|75 9986 10129
599 gi|75 12017 12311
600 gi|76 1540 1663
601 gi|76 5017 5299
602 gi|77 1 127
603 gi|77 1674 1841
604 gi|77 6722 6875
605 gi|78 2 1582
606 gi|78 2344 2683
607 gi|78 3870 6002
608 gi|78 6245 9822
609 gi|79 484 1593
610 gi|79 2530 2832
611 gi|79 5872 7011
612 gi|79 8479 8803
613 gi|79 9780 9997
614 gi|79 17362 17436
615 gi|79 24552 24665
616 gi|79 31206 31386
617 gi|79 31727 32339
618 gi|79 32238 32707
619 gi|79 34455 35335
620 gi|79 36395 36991
621 gi|79 39497 40573
622 gi|79 42023 42103
623 gi|79 43936 44726
624 gi|79 47127 47612
625 gi|79 47628 47914
626 gi|8 1 309
627 gi|8 666 2045
628 gi|8 2214 2300
629 gi|8 2839 3900
630 gi|8 4000 5083
631 gi|8 11940 12247
632 gi|8 28226 28968
633 gi|8 29333 29798
634 gi|8 29982 30859
635 gi|8 31087 31324
636 gi|8 35089 35247
637 gi|8 37058 37622
638 gi|8 38035 39379
639 gi|8 40370 40471
640 gi|8 41069 41143
641 gi|8 43366 44595
642 gi|80 1 122
643 gi|80 4326 5178
644 gi|80 5779 6652
645 gi|80 7134 8045
646 gi|80 8493 8675
647 gi|80 9157 9600
648 gi|80 9659 9969
649 gi|80 10092 11424
650 gi|80 11496 11845
651 gi|80 15412 15490
652 gi|80 15986 16052
653 gi|80 17046 18163
654 gi|80 19218 19636
655 gi|80 20135 20759
656 gi|80 24865 26205
657 gi|81 1 575
658 gi|81 5385 6797
659 gi|81 9859 9961
660 gi|81 14571 14749
661 gi|81 15766 16620
662 gi|81 18145 18237
663 gi|81 18403 18734
664 gi|82 585 712
665 gi|82 9651 10533
666 gi|82 13963 14134
667 gi|82 15398 15634
668 gi|83 125 218
669 gi|83 2665 2878
670 gi|84 2715 2840
671 gi|84 4646 5046
672 gi|85 5142 5225
673 gi|85 10467 10533
674 gi|85 16434 16531
675 gi|85 20377 20562
676 gi|85 21226 22429
677 gi|85 28456 28559
678 gi|85 32004 32238
679 gi|85 33884 34010
680 gi|87 7687 8754
681 gi|87 10463 10679
682 gi|87 13958 14718
683 gi|87 14996 15514
684 gi|87 20946 21664
685 gi|87 23944 24043
686 gi|87 25310 25400
687 gi|87 27745 28063
688 gi|87 29631 30381
689 gi|88 2706 3413
690 gi|88 8168 8986
691 gi|88 11263 11829
692 gi|88 12346 12488
693 gi|88 17320 18400
694 gi|88 18422 20293
695 gi|88 20517 22677
696 gi|88 27532 28067
697 gi|88 28185 28286
698 gi|89 3979 4156
699 gi|89 5483 6057
700 gi|89 6222 6296
701 gi|89 6466 6843
702 gi|89 8635 9994
703 gi|89 11760 11875
704 gi|89 12338 12660
705 gi|9 4592 5022
706 gi|9 5051 5975
707 gi|9 13120 14414
708 gi|9 15591 16700
709 gi|9 21226 21905
710 gi|9 23482 24582
711 gi|9 28103 28384
712 gi|9 30288 31288
713 gi|9 32201 33562
714 gi|9 34040 34207
715 gi|9 35102 35648
716 gi|90 3154 3264
717 gi|92 1067 1234
718 gi|92 2846 4141
719 gi|92 6354 6487
720 gi|92 6587 7926
721 gi|93 1 236
722 gi|93 5918 6061
723 gi|94 2176 2798
724 gi|94 4664 4769
725 gi|94 9573 9801
726 gi|94 11121 11198
727 gi|94 15780 15910
728 gi|94 16666 16784
729 gi|94 25205 25286
730 gi|94 29560 30110
731 gi|94 31610 31721
732 gi|94 39617 39997
733 gi|96 1 127
734 gi|96 822 1190
735 gi|96 1281 1402
736 gi|97 32 215
737 gi|97 3226 4399
738 gi|97 4593 5145
739 gi|97 5419 6129
740 gi|97 7285 7374
741 gi|97 8080 9383
742 gi|97 9627 9780
743 gi|97 10686 11675
744 gi|97 16169 16518
745 gi|98 572 1246
746 gi|98 3967 4590
747 gi|98 4654 5737
748 gi|98 5747 6013
749 gi|98 7792 8042
750 gi|98 13011 13353
751 gi|98 18314 18439
752 gi|98 23127 23189
753 gi|98 29772 30769
754 gi|98 30897 31761
755 gi|98 32336 34784
756 gi|98 37920 38295
757 gi|98 39083 39449
758 gi|99 1 870
759 gi|99 9004 9991
760 gi|99 12073 13789
